      0.10000000 
      0.10000000 
      0.10000000 
      0.10000000 
      0.10000000 
      0.10000000 
      0.10000000

      0.10000000 
      0.56449561 
      0.54791228 
      0.53132895 
      0.51474561 
      0.49816228 
      0.48157895

      0.21265789 
      0.19607456 
      0.17949123 
      0.16290789 
      0.14632456 
      0.12974123 
      0.11315789

      0.69473684 
      0.82765351 
      0.81107018 
      0.79448684 
      0.77790351 
      0.76132018 
      0.74473684

      0.32811579 
      0.45923246 
      0.44264912 
      0.42606579 
      0.40948246 
      0.39289912 
      0.37631579

      0.95789474 
      1.09081140 
      1.07422807 
      1.05764474 
      1.04106140 
      1.02447807 
      1.00789474

      0.59127368 
      0.72239035 
      0.70580702 
      0.68922368 
      0.67264035 
      0.65605702 
      0.63947368

      1.22105263 
      1.35396930 
      1.33738596 
      1.32080263 
      1.30421930 
      1.28763596 
      1.27105263

      0.85443158 
      0.98554825 
      0.96896491 
      0.95238158 
      0.93579825 
      0.91921491 
      0.90263158

      1.33781053 
      1.61712719 
      1.60054386 
      1.58396053 
      1.56737719 
      1.55079386 
      1.53421053

      1.11578947 
      1.24870614 
      1.23212281 
      1.21553947 
      1.19895614 
      1.18237281 
      1.16578947

      1.60096842 
      1.88028509 
      1.86370175 
      1.84711842 
      1.83053509 
      1.81395175 
      1.79736842

      1.37894737 
      1.51186404 
      1.49528070 
      1.47869737 
      1.46211404 
      1.44553070 
      1.42894737

      1.86412632 
      2.14344298 
      2.12685965 
      2.11027632 
      2.09369298 
      2.07710965 
      2.06052632

      1.49570526 
      1.77502193 
      1.75843860 
      1.74185526 
      1.72527193 
      1.70868860 
      1.69210526

      2.08996199 
      2.40660088 
      2.39001754 
      2.37343421 
      2.35685088 
      2.34026754 
      2.32368421

      1.75886316 
      2.03817982 
      2.02159649 
      2.00501316 
      1.98842982 
      1.97184649 
      1.95526316

      2.35311988 
      2.66975877 
      2.65317544 
      2.63659211 
      2.62000877 
      2.60342544 
      2.58684211

      2.01842105 
      2.30133772 
      2.28475439 
      2.26817105 
      3.25158772 
      3.23500439 
      3.21842105

      2.50540000 
      3.93291667 
      3.91633333 
      3.89975000 
      3.88316667 
      3.86658333 
      3.85000000

      2.24785673 
      3.56449561 
      3.54791228 
      3.53132895 
      3.51474561 
      3.49816228 
      3.48157895


      0.10000000 
      0.39416667 
      0.82533333 
      0.25650000 
      0.68766667 
      0.11883333 
      0.55000000

      0.10000000 
      0.10000000 
      0.45691228 
      0.88807895 
      0.31924561 
      0.75041228 
      0.18157895

      0.22615789 
      0.65732456 
      1.08849123 
      0.51965789 
      0.95082456 
      0.38199123 
      0.81315789

      0.70823684 
      0.28890351 
      0.72007018 
      0.15123684 
      0.58240351 
      1.01357018 
      0.44473684

      0.34161579 
      0.92048246 
      1.35164912 
      0.78281579 
      1.21398246 
      0.64514912 
      1.07631579

      0.97139474 
      0.55206140 
      0.98322807 
      0.41439474 
      0.84556140 
      0.27672807 
      0.70789474

      0.60477368 
      1.18364035 
      1.61480702 
      1.04597368 
      1.47714035 
      0.90830702 
      1.33947368

      1.23455263 
      0.81521930 
      1.24638596 
      0.67755263 
      1.10871930 
      1.53988596 
      0.97105263

      0.86793158 
      1.44679825 
      1.87796491 
      1.30913158 
      1.74029825 
      2.17146491 
      1.60263158

      1.35131053 
      1.07837719 
      1.50954386 
      0.94071053 
      1.37187719 
      1.80304386 
      1.23421053

      1.12928947 
      1.70995614 
      2.14112281 
      1.57228947 
      2.00345614 
      2.43462281 
      1.86578947

      1.61446842 
      2.34153509 
      1.77270175 
      2.20386842 
      1.63503509 
      2.06620175 
      1.49736842

      1.39244737 
      1.97311404 
      2.40428070 
      2.83544737 
      2.26661404 
      2.69778070 
      2.12894737

      1.87762632 
      2.60469298 
      2.03585965 
      2.46702632 
      1.89819298 
      2.32935965 
      1.76052632

      1.50920526 
      2.23627193 
      2.66743860 
      3.09860526 
      2.52977193 
      2.96093860 
      2.39210526

      2.10346199 
      2.86785088 
      2.29901754 
      2.73018421 
      2.16135088 
      2.59251754 
      2.02368421

      1.77236316 
      2.49942982 
      2.93059649 
      3.36176316 
      2.79292982 
      3.22409649 
      2.65526316

      2.36661988 
      3.13100877 
      2.56217544 
      2.99334211 
      2.42450877 
      2.85567544 
      2.28684211

      2.03192105 
      2.76258772 
      3.19375439 
      3.62492105 
      3.05608772 
      3.48725439 
      2.91842105

      2.51890000 
      3.39416667 
      2.82533333 
      3.25650000 
      2.68766667 
      3.11883333 
      3.55000000

      2.26135673 
      3.02574561 
      3.45691228 
      3.88807895 
      4.31924561 
      4.75041228 
      5.18157895


      0.10000000 
      0.85541667 
      0.73433333 
      0.61325000 
      0.49216667 
      0.37108333 
      0.25000000

      0.10000000 
      0.48699561 
      0.36591228 
      0.24482895 
      1.12374561 
      1.00266228 
      0.88157895

      0.23965789 
      1.11857456 
      0.99749123 
      0.87640789 
      0.75532456 
      0.63424123 
      0.51315789

      0.72173684 
      0.75015351 
      0.62907018 
      0.50798684 
      1.38690351 
      1.26582018 
      1.14473684

      0.35511579 
      1.38173246 
      1.26064912 
      1.13956579 
      1.01848246 
      0.89739912 
      0.77631579

      0.98489474 
      1.01331140 
      0.89222807 
      0.77114474 
      1.65006140 
      1.52897807 
      1.40789474

      0.61827368 
      1.64489035 
      1.52380702 
      1.40272368 
      1.28164035 
      1.16055702 
      1.03947368

      1.24805263 
      1.27646930 
      1.15538596 
      1.03430263 
      1.91321930 
      1.79213596 
      1.67105263

      0.88143158 
      1.90804825 
      1.78696491 
      1.66588158 
      1.54479825 
      1.42371491 
      1.30263158

      1.36481053 
      1.53962719 
      1.41854386 
      1.29746053 
      2.17637719 
      2.05529386 
      1.93421053

      1.14278947 
      2.17120614 
      2.05012281 
      1.92903947 
      1.80795614 
      1.68687281 
      1.56578947

      1.62796842 
      1.80278509 
      1.68170175 
      1.56061842 
      2.43953509 
      2.31845175 
      2.19736842

      1.40594737 
      2.43436404 
      2.31328070 
      2.19219737 
      2.07111404 
      1.95003070 
      1.82894737

      1.89112632 
      2.06594298 
      1.94485965 
      1.82377632 
      2.70269298 
      2.58160965 
      2.46052632

      1.52270526 
      2.69752193 
      2.57643860 
      2.45535526 
      2.33427193 
      2.21318860 
      2.09210526

      2.11696199 
      2.32910088 
      2.20801754 
      2.08693421 
      2.96585088 
      2.84476754 
      2.72368421

      1.78586316 
      2.96067982 
      2.83959649 
      2.71851316 
      2.59742982 
      2.47634649 
      2.35526316

      2.38011988 
      2.59225877 
      2.47117544 
      2.35009211 
      3.22900877 
      3.10792544 
      2.98684211

      2.04542105 
      3.22383772 
      3.10275439 
      3.98167105 
      2.86058772 
      2.73950439 
      3.61842105

      2.53240000 
      2.85541667 
      2.73433333 
      3.61325000 
      3.49216667 
      4.37108333 
      5.25000000

      2.27485673 
      3.48699561 
      4.36591228 
      5.24482895 
      6.12374561 
      7.00266228 
      7.88157895


      0.21400000 
      0.31666667 
      0.64333333 
      0.97000000 
      0.29666667 
      0.62333333 
      0.95000000

      0.84557895 
      0.65157895 
      0.27491228 
      0.60157895 
      0.92824561 
      0.25491228 
      0.58157895

      0.25315789 
      0.57982456 
      0.90649123 
      0.23315789 
      0.55982456 
      0.88649123 
      1.21315789

      0.73523684 
      0.21140351 
      0.53807018 
      0.86473684 
      1.19140351 
      0.51807018 
      0.84473684

      0.36861579 
      0.84298246 
      1.16964912 
      0.49631579 
      0.82298246 
      1.14964912 
      1.47631579

      0.99839474 
      0.47456140 
      0.80122807 
      1.12789474 
      1.45456140 
      0.78122807 
      1.10789474

      0.63177368 
      1.10614035 
      1.43280702 
      0.75947368 
      1.08614035 
      1.41280702 
      1.73947368

      1.26155263 
      0.73771930 
      1.06438596 
      1.39105263 
      1.71771930 
      1.04438596 
      1.37105263

      0.89493158 
      1.36929825 
      1.69596491 
      1.02263158 
      1.34929825 
      1.67596491 
      2.00263158

      1.37831053 
      1.00087719 
      1.32754386 
      1.65421053 
      1.98087719 
      1.30754386 
      1.63421053

      1.15628947 
      1.63245614 
      1.95912281 
      1.28578947 
      1.61245614 
      1.93912281 
      2.26578947

      1.64146842 
      1.26403509 
      1.59070175 
      1.91736842 
      2.24403509 
      1.57070175 
      1.89736842

      1.41944737 
      1.89561404 
      2.22228070 
      1.54894737 
      1.87561404 
      3.20228070 
      2.52894737

      1.90462632 
      2.52719298 
      1.85385965 
      3.18052632 
      2.50719298 
      2.83385965 
      2.16052632

      1.53620526 
      3.15877193 
      2.48543860 
      2.81210526 
      2.13877193 
      3.46543860 
      2.79210526

      2.13046199 
      2.79035088 
      2.11701754 
      3.44368421 
      2.77035088 
      3.09701754 
      2.42368421

      1.79936316 
      3.42192982 
      2.74859649 
      3.07526316 
      2.40192982 
      3.72859649 
      3.05526316

      2.39361988 
      3.05350877 
      2.38017544 
      3.70684211 
      3.03350877 
      3.36017544 
      2.68684211

      2.05892105 
      3.68508772 
      4.01175439 
      3.33842105 
      2.66508772 
      3.99175439 
      5.31842105

      2.54590000 
      3.31666667 
      2.64333333 
      3.97000000 
      5.29666667 
      6.62333333 
      7.95000000

      2.28835673 
      3.94824561 
      5.27491228 
      6.60157895 
      7.92824561 
      9.25491228 
     10.58157895


      0.20200000 
      0.77791667 
      0.55233333 
      0.32675000 
      1.10116667 
      0.87558333 
      0.65000000

      0.83357895 
      0.24157895 
      0.18391228 
      0.95832895 
      0.73274561 
      0.50716228 
      1.28157895

      0.11895789 
      1.04107456 
      0.81549123 
      0.58990789 
      1.36432456 
      1.13874123 
      0.91315789

      0.74873684 
      0.67265351 
      1.44707018 
      1.22148684 
      0.99590351 
      1.77032018 
      1.54473684

      0.38211579 
      1.30423246 
      1.07864912 
      0.85306579 
      1.62748246 
      1.40189912 
      1.17631579

      1.01189474 
      0.93581140 
      1.71022807 
      1.48464474 
      1.25906140 
      2.03347807 
      1.80789474

      0.64527368 
      1.56739035 
      1.34180702 
      1.11622368 
      1.89064035 
      1.66505702 
      1.43947368

      1.27505263 
      1.19896930 
      1.97338596 
      1.74780263 
      1.52221930 
      2.29663596 
      2.07105263

      0.90843158 
      1.83054825 
      1.60496491 
      1.37938158 
      2.15379825 
      1.92821491 
      1.70263158

      1.39181053 
      1.46212719 
      2.23654386 
      2.01096053 
      1.78537719 
      2.55979386 
      2.33421053

      1.16978947 
      2.09370614 
      1.86812281 
      1.64253947 
      2.41695614 
      2.19137281 
      1.96578947

      1.65496842 
      1.72528509 
      2.49970175 
      2.27411842 
      2.04853509 
      2.82295175 
      2.59736842

      1.43294737 
      2.35686404 
      2.13128070 
      1.90569737 
      2.68011404 
      2.45453070 
      2.22894737

      1.91812632 
      1.98844298 
      2.76285965 
      2.53727632 
      2.31169298 
      3.08610965 
      2.86052632

      1.54970526 
      2.62002193 
      2.39443860 
      2.16885526 
      2.94327193 
      2.71768860 
      2.49210526

      2.14396199 
      2.25160088 
      3.02601754 
      2.80043421 
      2.57485088 
      3.34926754 
      3.12368421

      1.81286316 
      2.88317982 
      2.65759649 
      2.43201316 
      3.20642982 
      2.98084649 
      2.75526316

      2.40711988 
      2.51475877 
      3.28917544 
      3.06359211 
      2.83800877 
      3.61242544 
      5.38684211

      2.07242105 
      3.14633772 
      2.92075439 
      2.69517105 
      4.46958772 
      6.24400439 
      8.01842105

      2.55940000 
      2.77791667 
      3.55233333 
      5.32675000 
      7.10116667 
      8.87558333 
     10.65000000

      2.30185673 
      4.40949561 
      6.18391228 
      7.95832895 
      9.73274561 
     11.50716228 
     13.28157895


      0.19000000 
      0.23916667 
      0.46133333 
      0.68350000 
      0.90566667 
      1.12783333 
      0.35000000

      0.82157895 
      0.83157895 
      1.09291228 
      0.31507895 
      0.53724561 
      0.75941228 
      0.98157895

      0.13245789 
      0.50232456 
      0.72449123 
      0.94665789 
      1.16882456 
      1.39099123 
      1.61315789

      0.76223684 
      0.13390351 
      1.35607018 
      0.57823684 
      1.80040351 
      1.02257018 
      1.24473684

      0.39561579 
      0.76548246 
      0.98764912 
      1.20981579 
      1.43198246 
      1.65414912 
      1.87631579

      1.02539474 
      0.39706140 
      1.61922807 
      0.84139474 
      2.06356140 
      1.28572807 
      1.50789474

      0.65877368 
      1.02864035 
      1.25080702 
      1.47297368 
      1.69514035 
      1.91730702 
      2.13947368

      1.28855263 
      0.66021930 
      1.88238596 
      1.10455263 
      2.32671930 
      1.54888596 
      1.77105263

      0.92193158 
      1.29179825 
      1.51396491 
      1.73613158 
      1.95829825 
      2.18046491 
      2.40263158

      1.40531053 
      0.92337719 
      2.14554386 
      1.36771053 
      2.58987719 
      1.81204386 
      2.03421053

      1.18328947 
      1.55495614 
      1.77712281 
      1.99928947 
      2.22145614 
      2.44362281 
      2.66578947

      1.66846842 
      2.18653509 
      2.40870175 
      1.63086842 
      2.85303509 
      2.07520175 
      2.29736842

      1.44644737 
      2.81811404 
      2.04028070 
      2.26244737 
      2.48461404 
      2.70678070 
      2.92894737

      1.93162632 
      2.44969298 
      2.67185965 
      1.89402632 
      3.11619298 
      3.33835965 
      2.56052632

      1.56320526 
      3.08127193 
      2.30343860 
      3.52560526 
      2.74777193 
      2.96993860 
      3.19210526

      1.34118421 
      2.71285088 
      2.93501754 
      3.15718421 
      3.37935088 
      3.60151754 
      2.82368421

      1.82636316 
      3.34442982 
      2.56659649 
      3.78876316 
      3.01092982 
      3.23309649 
      5.45526316

      2.42061988 
      2.97600877 
      3.19817544 
      3.42034211 
      3.64250877 
      5.86467544 
      8.08684211

      2.08592105 
      3.60758772 
      2.82975439 
      4.05192105 
      6.27408772 
      8.49625439 
     10.71842105

      2.57290000 
      3.23916667 
      4.46133333 
      6.68350000 
      8.90566667 
     11.12783333 
     13.35000000

      2.31535673 
      4.87074561 
      7.09291228 
      9.31507895 
     11.53724561 
     13.75941228 
     15.98157895


      0.17800000 
      0.70041667 
      0.37033333 
      1.04025000 
      0.71016667 
      0.38008333 
      1.05000000

      0.80957895 
      0.33199561 
      1.00191228 
      0.67182895 
      0.34174561 
      1.01166228 
      0.68157895

      0.14595789 
      0.96357456 
      0.63349123 
      1.30340789 
      0.97332456 
      1.64324123 
      1.31315789

      0.77573684 
      0.59515351 
      1.26507018 
      0.93498684 
      1.60490351 
      1.27482018 
      1.94473684

      0.40911579 
      1.22673246 
      0.89664912 
      1.56656579 
      1.23648246 
      1.90639912 
      1.57631579

      1.03889474 
      0.85831140 
      1.52822807 
      1.19814474 
      1.86806140 
      1.53797807 
      2.20789474

      0.67227368 
      1.48989035 
      1.15980702 
      1.82972368 
      1.49964035 
      2.16955702 
      1.83947368

      1.30205263 
      1.12146930 
      1.79138596 
      1.46130263 
      2.13121930 
      1.80113596 
      2.47105263

      0.93543158 
      1.75304825 
      1.42296491 
      2.09288158 
      1.76279825 
      2.43271491 
      2.10263158

      1.41881053 
      1.38462719 
      2.05454386 
      1.72446053 
      2.39437719 
      2.06429386 
      2.73421053

      1.19678947 
      2.01620614 
      1.68612281 
      2.35603947 
      2.02595614 
      2.69587281 
      2.36578947

      1.68196842 
      1.64778509 
      2.31770175 
      1.98761842 
      2.65753509 
      2.32745175 
      2.99736842

      1.45994737 
      2.27936404 
      1.94928070 
      2.61919737 
      2.28911404 
      2.95903070 
      2.62894737

      1.09152632 
      1.91094298 
      2.58085965 
      2.25077632 
      2.92069298 
      2.59060965 
      3.26052632

      1.57670526 
      2.54252193 
      2.21243860 
      2.88235526 
      2.55227193 
      3.22218860 
      2.89210526

      1.35468421 
      2.17410088 
      2.84401754 
      2.51393421 
      3.18385088 
      2.85376754 
      5.52368421

      1.83986316 
      2.80567982 
      2.47559649 
      3.14551316 
      2.81542982 
      5.48534649 
      8.15526316

      2.43411988 
      2.43725877 
      3.10717544 
      2.77709211 
      5.44700877 
      8.11692544 
     10.78684211

      2.09942105 
      3.06883772 
      2.73875439 
      5.40867105 
      8.07858772 
     10.74850439 
     13.41842105

      2.58640000 
      2.70041667 
      5.37033333 
      8.04025000 
     10.71016667 
     13.38008333 
     16.05000000

      2.32885673 
      5.33199561 
      8.00191228 
     10.67182895 
     13.34174561 
     16.01166228 
     18.68157895


      0.16600000 
      0.16166667 
      0.27933333 
      0.39700000 
      0.51466667 
      0.63233333 
      0.75000000

      0.79757895 
      0.79324561 
      0.91091228 
      1.02857895 
      1.14624561 
      1.26391228 
      1.38157895

      0.15945789 
      0.42482456 
      0.54249123 
      0.66015789 
      1.77782456 
      0.89549123 
      1.01315789

      0.78923684 
      1.05640351 
      1.17407018 
      1.29173684 
      1.40940351 
      1.52707018 
      1.64473684

      0.42261579 
      0.68798246 
      1.80564912 
      0.92331579 
      2.04098246 
      1.15864912 
      2.27631579

      1.05239474 
      1.31956140 
      1.43722807 
      1.55489474 
      1.67256140 
      1.79022807 
      1.90789474

      0.68577368 
      0.95114035 
      2.06880702 
      1.18647368 
      2.30414035 
      1.42180702 
      2.53947368

      1.31555263 
      1.58271930 
      1.70038596 
      1.81805263 
      1.93571930 
      2.05338596 
      2.17105263

      0.94893158 
      1.21429825 
      2.33196491 
      1.44963158 
      2.56729825 
      1.68496491 
      2.80263158

      1.43231053 
      1.84587719 
      1.96354386 
      2.08121053 
      2.19887719 
      2.31654386 
      2.43421053

      1.21028947 
      1.47745614 
      2.59512281 
      1.71278947 
      2.83045614 
      1.94812281 
      3.06578947

      1.69546842 
      2.10903509 
      2.22670175 
      2.34436842 
      2.46203509 
      3.57970175 
      2.69736842

      1.47344737 
      1.74061404 
      2.85828070 
      1.97594737 
      3.09361404 
      3.21128070 
      3.32894737

      1.10502632 
      2.37219298 
      2.48985965 
      3.60752632 
      2.72519298 
      3.84285965 
      2.96052632

      1.59020526 
      3.00377193 
      3.12143860 
      3.23910526 
      3.35677193 
      3.47443860 
      5.59210526

      1.36818421 
      2.63535088 
      2.75301754 
      3.87068421 
      2.98835088 
      5.10601754 
      8.22368421

      1.85336316 
      3.26692982 
      3.38459649 
      3.50226316 
      4.61992982 
      7.73759649 
     10.85526316

      1.48494211 
      2.89850877 
      3.01617544 
      4.13384211 
      7.25150877 
     10.36917544 
     13.48684211

      2.11292105 
      3.53008772 
      3.64775439 
      6.76542105 
      9.88308772 
     13.00075439 
     16.11842105

      1.74810000 
      3.16166667 
      6.27933333 
      9.39700000 
     12.51466667 
     15.63233333 
     18.75000000

      2.34235673 
      5.79324561 
      8.91091228 
     12.02857895 
     15.14624561 
     18.26391228 
     21.38157895


      0.15400000 
      0.62291667 
      0.18833333 
      0.75375000 
      0.31916667 
      0.88458333 
      1.45000000

      0.78557895 
      0.25449561 
      0.81991228 
      0.38532895 
      0.95074561 
      1.51616228 
      1.08157895

      0.17295789 
      0.88607456 
      1.45149123 
      1.01690789 
      0.58232456 
      2.14774123 
      1.71315789

      0.80273684 
      0.51765351 
      1.08307018 
      1.64848684 
      1.21390351 
      1.77932018 
      2.34473684

      0.43611579 
      1.14923246 
      1.71464912 
      1.28006579 
      1.84548246 
      2.41089912 
      1.97631579

      1.06589474 
      1.78081140 
      1.34622807 
      1.91164474 
      2.47706140 
      2.04247807 
      2.60789474

      0.69927368 
      1.41239035 
      1.97780702 
      1.54322368 
      2.10864035 
      2.67405702 
      2.23947368

      1.32905263 
      2.04396930 
      1.60938596 
      2.17480263 
      2.74021930 
      2.30563596 
      2.87105263

      0.96243158 
      1.67554825 
      2.24096491 
      1.80638158 
      2.37179825 
      2.93721491 
      2.50263158

      1.44581053 
      2.30712719 
      1.87254386 
      2.43796053 
      3.00337719 
      2.56879386 
      3.13421053

      1.22378947 
      1.93870614 
      2.50412281 
      2.06953947 
      2.63495614 
      3.20037281 
      2.76578947

      1.70896842 
      2.57028509 
      2.13570175 
      2.70111842 
      3.26653509 
      2.83195175 
      3.39736842

      1.48694737 
      2.20186404 
      2.76728070 
      2.33269737 
      2.89811404 
      3.46353070 
      3.02894737

      1.11852632 
      2.83344298 
      2.39885965 
      2.96427632 
      3.52969298 
      3.09510965 
      5.66052632

      1.60370526 
      2.46502193 
      3.03043860 
      2.59585526 
      3.16127193 
      4.72668860 
      8.29210526

      1.38168421 
      3.09660088 
      2.66201754 
      3.22743421 
      3.79285088 
      7.35826754 
     10.92368421

      1.86686316 
      2.72817982 
      3.29359649 
      2.85901316 
      6.42442982 
      9.98984649 
     13.55526316

      1.49844211 
      3.35975877 
      2.92517544 
      5.49059211 
      9.05600877 
     12.62142544 
     16.18684211

      2.09269883 
      2.99133772 
      4.55675439 
      8.12217105 
     11.68758772 
     15.25300439 
     18.81842105

      1.76160000 
      3.62291667 
      7.18833333 
     10.75375000 
     14.31916667 
     17.88458333 
     21.45000000

      2.35585673 
      6.25449561 
      9.81991228 
     13.38532895 
     16.95074561 
     20.51616228 
     24.08157895


      0.14200000 
      0.10000000 
      0.10000000 
      1.11050000 
      1.12366667 
      1.13683333 
      1.15000000

      0.77357895 
      0.71574561 
      0.72891228 
      0.74207895 
      0.75524561 
      1.76841228 
      1.78157895

      0.18645789 
      0.34732456 
      0.36049123 
      1.37365789 
      1.38682456 
      1.39999123 
      1.41315789

      0.81623684 
      0.97890351 
      0.99207018 
      1.00523684 
      1.01840351 
      2.03157018 
      2.04473684

      0.44961579 
      0.61048246 
      1.62364912 
      1.63681579 
      1.64998246 
      1.66314912 
      2.67631579

      1.07939474 
      1.24206140 
      1.25522807 
      1.26839474 
      2.28156140 
      2.29472807 
      2.30789474

      0.71277368 
      0.87364035 
      1.88680702 
      1.89997368 
      1.91314035 
      1.92630702 
      2.93947368

      1.34255263 
      1.50521930 
      1.51838596 
      1.53155263 
      2.54471930 
      2.55788596 
      2.57105263

      0.97413158 
      1.13679825 
      2.14996491 
      2.16313158 
      2.17629825 
      2.18946491 
      3.20263158

      1.45931053 
      1.76837719 
      1.78154386 
      1.79471053 
      2.80787719 
      2.82104386 
      2.83421053

      1.23728947 
      1.39995614 
      2.41312281 
      2.42628947 
      2.43945614 
      2.45262281 
      3.46578947

      0.87066842 
      2.03153509 
      2.04470175 
      2.05786842 
      3.07103509 
      3.08420175 
      3.09736842

      1.35404737 
      1.66311404 
      2.67628070 
      2.68944737 
      2.70261404 
      2.71578070 
      5.72894737

      1.13202632 
      2.29469298 
      2.30785965 
      2.32102632 
      3.33419298 
      4.34735965 
      8.36052632

      1.61720526 
      1.92627193 
      2.93943860 
      3.95260526 
      2.96577193 
      6.97893860 
     10.99210526

      1.39518421 
      3.55785088 
      2.57101754 
      3.58418421 
      5.59735088 
      9.61051754 
     13.62368421

      1.88036316 
      3.18942982 
      3.20259649 
      4.21576316 
      8.22892982 
     12.24209649 
     16.25526316

      1.51194211 
      3.82100877 
      2.83417544 
      6.84734211 
     10.86050877 
     14.87367544 
     18.88684211

      2.10619883 
      3.45258772 
      5.46575439 
      9.47892105 
     13.49208772 
     17.50525439 
     21.51842105

      1.77510000 
      4.08416667 
      8.09733333 
     12.11050000 
     16.12366667 
     20.13683333 
     24.15000000

      2.36935673 
      6.71574561 
     10.72891228 
     14.74207895 
     18.75524561 
     22.76841228 
     26.78157895


      0.13000000 
      0.54541667 
      1.00633333 
      0.46725000 
      0.92816667 
      1.38908333 
      1.85000000

      0.76157895 
      0.17699561 
      0.63791228 
      1.09882895 
      0.55974561 
      1.02066228 
      1.48157895

      0.19995789 
      0.80857456 
      0.26949123 
      0.73040789 
      2.19132456 
      1.65224123 
      2.11315789

      0.82973684 
      1.44015351 
      0.90107018 
      1.36198684 
      1.82290351 
      1.28382018 
      1.74473684

      0.46311579 
      1.07173246 
      1.53264912 
      1.99356579 
      2.45448246 
      1.91539912 
      2.37631579

      1.09289474 
      1.70331140 
      2.16422807 
      1.62514474 
      2.08606140 
      2.54697807 
      3.00789474

      0.72627368 
      1.33489035 
      1.79580702 
      2.25672368 
      2.71764035 
      3.17855702 
      2.63947368

      1.35605263 
      1.96646930 
      2.42738596 
      1.88830263 
      2.34921930 
      2.81013596 
      3.27105263

      0.98763158 
      1.59804825 
      2.05896491 
      2.51988158 
      2.98079825 
      3.44171491 
      2.90263158

      0.62101053 
      2.22962719 
      2.69054386 
      2.15146053 
      2.61237719 
      3.07329386 
      3.53421053

      1.25078947 
      1.86120614 
      2.32212281 
      2.78303947 
      3.24395614 
      3.70487281 
      3.16578947

      0.88416842 
      2.49278509 
      2.95370175 
      2.41461842 
      2.87553509 
      3.33645175 
      5.79736842

      1.36754737 
      2.12436404 
      2.58528070 
      3.04619737 
      3.50711404 
      3.96803070 
      8.42894737

      1.14552632 
      2.75594298 
      3.21685965 
      2.67777632 
      3.13869298 
      6.59960965 
     11.06052632

      1.63070526 
      2.38752193 
      2.84843860 
      3.30935526 
      4.77027193 
      9.23118860 
     13.69210526

      1.40868421 
      3.01910088 
      3.48001754 
      2.94093421 
      7.40185088 
     11.86276754 
     16.32368421

      1.89386316 
      2.65067982 
      3.11159649 
      5.57251316 
     10.03342982 
     14.49434649 
     18.95526316

      1.52544211 
      3.28225877 
      3.74317544 
      8.20409211 
     12.66500877 
     17.12592544 
     21.58684211

      2.11969883 
      2.91383772 
      6.37475439 
     10.83567105 
     15.29658772 
     19.75750439 
     24.21842105

      1.78860000 
      4.54541667 
      9.00633333 
     13.46725000 
     17.92816667 
     22.38908333 
     26.85000000

      2.38285673 
      7.17699561 
     11.63791228 
     16.09882895 
     20.55974561 
     25.02066228 
     29.48157895


      0.11800000 
      0.10000000 
      0.91533333 
      0.82400000 
      0.73266667 
      1.64133333 
      1.55000000

      0.74957895 
      0.63824561 
      0.54691228 
      1.45557895 
      1.36424561 
      2.27291228 
      2.18157895

      0.21345789 
      0.26982456 
      1.17849123 
      1.08715789 
      0.99582456 
      1.90449123 
      1.81315789

      0.84323684 
      0.90140351 
      1.81007018 
      1.71873684 
      1.62740351 
      2.53607018 
      2.44473684

      0.47661579 
      0.53298246 
      1.44164912 
      1.35031579 
      1.25898246 
      2.16764912 
      2.07631579

      1.10639474 
      1.16456140 
      2.07322807 
      1.98189474 
      1.89056140 
      2.79922807 
      2.70789474

      0.73977368 
      0.79614035 
      1.70480702 
      1.61347368 
      2.52214035 
      2.43080702 
      3.33947368

      1.36955263 
      1.42771930 
      2.33638596 
      2.24505263 
      3.15371930 
      3.06238596 
      2.97105263

      1.00113158 
      1.05929825 
      1.96796491 
      1.87663158 
      2.78529825 
      2.69396491 
      3.60263158

      0.63451053 
      1.69087719 
      2.59954386 
      2.50821053 
      3.41687719 
      3.32554386 
      3.23421053

      1.26428947 
      1.32245614 
      2.23112281 
      2.13978947 
      3.04845614 
      2.95712281 
      5.86578947

      0.89766842 
      1.95403509 
      2.86270175 
      2.77136842 
      3.68003509 
      3.58870175 
      8.49736842

      1.38104737 
      1.58561404 
      2.49428070 
      2.40294737 
      3.31161404 
      6.22028070 
     11.12894737

      1.15902632 
      3.21719298 
      3.12585965 
      3.03452632 
      3.94319298 
      8.85185965 
     13.76052632

      1.64420526 
      2.84877193 
      2.75743860 
      2.66610526 
      6.57477193 
     11.48343860 
     16.39210526

      1.42218421 
      3.48035088 
      3.38901754 
      4.29768421 
      9.20635088 
     14.11501754 
     19.02368421

      1.90736316 
      3.11192982 
      3.02059649 
      6.92926316 
     11.83792982 
     16.74659649 
     21.65526316

      1.53894211 
      3.74350877 
      4.65217544 
      9.56084211 
     14.46950877 
     19.37817544 
     24.28684211

      2.13319883 
      3.37508772 
      7.28375439 
     12.19242105 
     17.10108772 
     22.00975439 
     26.91842105

      1.80210000 
      5.00666667 
      9.91533333 
     14.82400000 
     19.73266667 
     24.64133333 
     29.55000000

      2.39635673 
      7.63824561 
     12.54691228 
     17.45557895 
     22.36424561 
     27.27291228 
     32.18157895


      0.10600000 
      0.46791667 
      0.82433333 
      1.18075000 
      1.53716667 
      1.89358333 
      2.25000000

      0.73757895 
      0.10000000 
      0.45591228 
      0.81232895 
      1.16874561 
      1.52516228 
      1.88157895

      0.22695789 
      0.73107456 
      1.08749123 
      1.44390789 
      1.80032456 
      2.15674123 
      2.51315789

      0.85673684 
      0.36265351 
      0.71907018 
      1.07548684 
      1.43190351 
      1.78832018 
      2.14473684

      0.49011579 
      0.99423246 
      1.35064912 
      1.70706579 
      2.06348246 
      2.41989912 
      2.77631579

      1.11989474 
      1.62581140 
      1.98222807 
      2.33864474 
      1.69506140 
      2.05147807 
      2.40789474

      0.75327368 
      1.25739035 
      1.61380702 
      1.97022368 
      2.32664035 
      2.68305702 
      3.03947368

      0.38485263 
      1.88896930 
      2.24538596 
      2.60180263 
      2.95821930 
      3.31463596 
      3.67105263

      1.01463158 
      1.52054825 
      1.87696491 
      2.23338158 
      2.58979825 
      2.94621491 
      3.30263158

      0.64801053 
      2.15212719 
      2.50854386 
      2.86496053 
      3.22137719 
      3.57779386 
      5.93421053

      1.27778947 
      1.78370614 
      2.14012281 
      2.49653947 
      2.85295614 
      3.20937281 
      8.56578947

      0.91116842 
      2.41528509 
      2.77170175 
      3.12811842 
      3.48453509 
      5.84095175 
     11.19736842

      1.39454737 
      2.04686404 
      2.40328070 
      2.75969737 
      3.11611404 
      8.47253070 
     13.82894737

      1.17252632 
      2.67844298 
      3.03485965 
      3.39127632 
      5.74769298 
     11.10410965 
     16.46052632

      1.65770526 
      2.31002193 
      2.66643860 
      3.02285526 
      8.37927193 
     13.73568860 
     19.09210526

      1.43568421 
      2.94160088 
      3.29801754 
      5.65443421 
     11.01085088 
     16.36726754 
     21.72368421

      1.92086316 
      2.57317982 
      2.92959649 
      8.28601316 
     13.64242982 
     18.99884649 
     24.35526316

      1.55244211 
      3.20475877 
      5.56117544 
     10.91759211 
     16.27400877 
     21.63042544 
     26.98684211

      2.14669883 
      2.83633772 
      8.19275439 
     13.54917105 
     18.90558772 
     24.26200439 
     29.61842105

      1.81560000 
      5.46791667 
     10.82433333 
     16.18075000 
     21.53716667 
     26.89358333 
     32.25000000

      2.40985673 
      8.09949561 
     13.45591228 
     18.81232895 
     24.16874561 
     29.52516228 
     34.88157895


      0.10000000 
      0.92916667 
      0.73333333 
      1.53750000 
      1.34166667 
      2.14583333 
      1.95000000

      0.72557895 
      0.56074561 
      0.36491228 
      1.16907895 
      0.97324561 
      1.77741228 
      2.58157895

      0.24045789 
      1.19232456 
      0.99649123 
      1.80065789 
      1.60482456 
      2.40899123 
      2.21315789

      0.87023684 
      0.82390351 
      0.62807018 
      1.43223684 
      2.23640351 
      2.04057018 
      2.84473684

      0.50361579 
      1.45548246 
      1.25964912 
      2.06381579 
      2.86798246 
      2.67214912 
      2.47631579

      1.13339474 
      1.08706140 
      0.89122807 
      1.69539474 
      2.49956140 
      2.30372807 
      3.10789474

      0.76677368 
      1.71864035 
      2.52280702 
      2.32697368 
      3.13114035 
      2.93530702 
      3.73947368

      0.39835263 
      1.35021930 
      2.15438596 
      1.95855263 
      2.76271930 
      2.56688596 
      3.37105263

      1.02813158 
      1.98179825 
      2.78596491 
      2.59013158 
      3.39429825 
      3.19846491 
      6.00263158

      0.66151053 
      1.61337719 
      2.41754386 
      2.22171053 
      3.02587719 
      2.83004386 
      8.63421053

      1.29128947 
      2.24495614 
      3.04912281 
      2.85328947 
      3.65745614 
      5.46162281 
     11.26578947

      0.92466842 
      1.87653509 
      2.68070175 
      2.48486842 
      3.28903509 
      8.09320175 
     13.89736842

      1.40804737 
      2.50811404 
      3.31228070 
      3.11644737 
      4.92061404 
     10.72478070 
     16.52894737

      1.18602632 
      2.13969298 
      2.94385965 
      2.74802632 
      7.55219298 
     13.35635965 
     19.16052632

      1.67120526 
      2.77127193 
      3.57543860 
      4.37960526 
     10.18377193 
     15.98793860 
     21.79210526

      1.44918421 
      3.40285088 
      3.20701754 
      7.01118421 
     12.81535088 
     18.61951754 
     24.42368421

      1.93436316 
      3.03442982 
      3.83859649 
      9.64276316 
     15.44692982 
     21.25109649 
     27.05526316

      1.56594211 
      3.66600877 
      6.47017544 
     12.27434211 
     18.07850877 
     23.88267544 
     29.68684211

      2.16019883 
      3.29758772 
      9.10175439 
     14.90592105 
     20.71008772 
     26.51425439 
     32.31842105

      1.82910000 
      5.92916667 
     11.73333333 
     17.53750000 
     23.34166667 
     29.14583333 
     34.95000000

      2.42335673 
      8.56074561 
     14.36491228 
     20.16907895 
     25.97324561 
     31.77741228 
     37.58157895


      0.10000000 
      0.39041667 
      0.64233333 
      0.89425000 
      1.14616667 
      1.39808333 
      2.65000000

      0.71357895 
      1.02199561 
      0.27391228 
      1.52582895 
      1.77774561 
      2.02966228 
      2.28157895

      0.25395789 
      0.65357456 
      0.90549123 
      1.15740789 
      1.40932456 
      1.66124123 
      2.91315789

      0.88373684 
      0.28515351 
      1.53707018 
      1.78898684 
      2.04090351 
      2.29282018 
      2.54473684

      0.51711579 
      0.91673246 
      2.16864912 
      1.42056579 
      1.67248246 
      1.92439912 
      3.17631579

      1.14689474 
      0.54831140 
      1.80022807 
      2.05214474 
      2.30406140 
      3.55597807 
      2.80789474

      0.78027368 
      2.17989035 
      2.43180702 
      2.68372368 
      1.93564035 
      3.18755702 
      3.43947368

      0.41185263 
      1.81146930 
      2.06338596 
      2.31530263 
      3.56721930 
      3.81913596 
      6.07105263

      1.04163158 
      2.44304825 
      2.69496491 
      2.94688158 
      3.19879825 
      3.45071491 
      8.70263158

      0.67501053 
      2.07462719 
      2.32654386 
      2.57846053 
      3.83037719 
      5.08229386 
     11.33421053

      1.30478947 
      2.70620614 
      2.95812281 
      3.21003947 
      3.46195614 
      7.71387281 
     13.96578947

      0.93816842 
      2.33778509 
      2.58970175 
      2.84161842 
      4.09353509 
     10.34545175 
     16.59736842

      1.42154737 
      2.96936404 
      3.22128070 
      3.47319737 
      6.72511404 
     12.97703070 
     19.22894737

      1.19952632 
      2.60094298 
      2.85285965 
      3.10477632 
      9.35669298 
     15.60860965 
     21.86052632

      1.68470526 
      3.23252193 
      3.48443860 
      5.73635526 
     11.98827193 
     18.24018860 
     24.49210526

      1.46268421 
      2.86410088 
      3.11601754 
      8.36793421 
     14.61985088 
     20.87176754 
     27.12368421

      1.94786316 
      3.49567982 
      4.74759649 
     10.99951316 
     17.25142982 
     23.50334649 
     29.75526316

      1.57944211 
      3.12725877 
      7.37917544 
     13.63109211 
     19.88300877 
     26.13492544 
     32.38684211

      2.17369883 
      3.75883772 
     10.01075439 
     16.26267105 
     22.51458772 
     28.76650439 
     35.01842105

      1.84260000 
      6.39041667 
     12.64233333 
     18.89425000 
     25.14616667 
     31.39808333 
     37.65000000

      2.43685673 
      9.02199561 
     15.27391228 
     21.52582895 
     27.77774561 
     34.02966228 
     40.28157895


      0.10000000 
      0.85166667 
      0.55133333 
      1.25100000 
      1.95066667 
      2.65033333 
      2.35000000

      0.70157895 
      0.48324561 
      1.18291228 
      1.88257895 
      1.58224561 
      2.28191228 
      2.98157895

      0.26745789 
      1.11482456 
      0.81449123 
      1.51415789 
      2.21382456 
      2.91349123 
      2.61315789

      0.75083684 
      0.74640351 
      1.44607018 
      2.14573684 
      1.84540351 
      2.54507018 
      3.24473684

      0.53061579 
      1.37798246 
      1.07764912 
      1.77731579 
      2.47698246 
      3.17664912 
      2.87631579

      1.16039474 
      1.00956140 
      1.70922807 
      2.40889474 
      2.10856140 
      2.80822807 
      3.50789474

      0.79377368 
      1.64114035 
      2.34080702 
      2.04047368 
      2.74014035 
      3.43980702 
      6.13947368

      0.42535263 
      1.27271930 
      1.97238596 
      2.67205263 
      3.37171930 
      3.07138596 
      8.77105263

      1.05513158 
      1.90429825 
      2.60396491 
      2.30363158 
      3.00329825 
      4.70296491 
     11.40263158

      0.68851053 
      1.53587719 
      2.23554386 
      2.93521053 
      3.63487719 
      7.33454386 
     14.03421053

      1.31828947 
      2.16745614 
      2.86712281 
      2.56678947 
      3.26645614 
      9.96612281 
     16.66578947

      0.95166842 
      1.79903509 
      2.49870175 
      3.19836842 
      5.89803509 
     12.59770175 
     19.29736842

      1.43504737 
      2.43061404 
      3.13028070 
      2.82994737 
      8.52961404 
     15.22928070 
     21.92894737

      1.21302632 
      2.06219298 
      2.76185965 
      4.46152632 
     11.16119298 
     17.86085965 
     24.56052632

      1.69820526 
      2.69377193 
      3.39343860 
      7.09310526 
     13.79277193 
     20.49243860 
     27.19210526

      1.47618421 
      2.32535088 
      3.02501754 
      9.72468421 
     16.42435088 
     23.12401754 
     29.82368421

      1.95776316 
      3.95692982 
      5.65659649 
     12.35626316 
     19.05592982 
     25.75559649 
     32.45526316

      1.59294211 
      3.58850877 
      8.28817544 
     14.98784211 
     21.68750877 
     28.38717544 
     35.08684211

      2.18719883 
      4.22008772 
     10.91975439 
     17.61942105 
     24.31908772 
     31.01875439 
     37.71842105

      1.85610000 
      6.85166667 
     13.55133333 
     20.25100000 
     26.95066667 
     33.65033333 
     40.35000000

      2.45035673 
      4.43682895 
     16.18291228 
     22.88257895 
     29.58224561 
     36.28191228 
     13.44157895


      0.10000000 
      0.31291667 
      0.46033333 
      1.60775000 
      1.75516667 
      1.90258333 
      3.05000000

      0.68957895 
      0.94449561 
      1.09191228 
      1.23932895 
      1.38674561 
      2.53416228 
      2.68157895

      0.28095789 
      0.57607456 
      0.72349123 
      1.87090789 
      2.01832456 
      2.16574123 
      3.31315789

      0.76433684 
      1.20765351 
      1.35507018 
      1.50248684 
      1.64990351 
      2.79732018 
      2.94473684

      0.54411579 
      0.83923246 
      0.98664912 
      2.13406579 
      2.28148246 
      2.42889912 
      3.57631579

      0.17569474 
      1.47081140 
      1.61822807 
      1.76564474 
      1.91306140 
      3.06047807 
      6.20789474

      0.80727368 
      2.10239035 
      1.24980702 
      2.39722368 
      3.54464035 
      2.69205702 
      8.83947368

      0.43885263 
      1.73396930 
      2.88138596 
      3.02880263 
      3.17621930 
      4.32363596 
     11.47105263

      1.06863158 
      2.36554825 
      2.51296491 
      2.66038158 
      3.80779825 
      6.95521491 
     14.10263158

      0.70201053 
      1.99712719 
      3.14454386 
      3.29196053 
      3.43937719 
      9.58679386 
     16.73421053

      1.33178947 
      2.62870614 
      2.77612281 
      2.92353947 
      5.07095614 
     12.21837281 
     19.36578947

      0.96516842 
      2.26028509 
      3.40770175 
      3.55511842 
      7.70253509 
     14.84995175 
     21.99736842

      1.44854737 
      2.89186404 
      3.03928070 
      3.18669737 
     10.33411404 
     17.48153070 
     24.62894737

      1.22652632 
      2.52344298 
      3.67085965 
      5.81827632 
     12.96569298 
     20.11310965 
     27.26052632

      1.71170526 
      3.15502193 
      3.30243860 
      8.44985526 
     15.59727193 
     22.74468860 
     29.89210526

      1.48968421 
      2.78660088 
      3.93401754 
     11.08143421 
     18.22885088 
     25.37626754 
     32.52368421

      1.97126316 
      3.41817982 
      6.56559649 
     13.71301316 
     20.86042982 
     28.00784649 
     35.15526316

      1.60644211 
      3.04975877 
      9.19717544 
     16.34459211 
     23.49200877 
     30.63942544 
     37.78684211

      2.20069883 
      4.68133772 
     11.82875439 
     18.97617105 
     26.12358772 
     33.27100439 
     40.41842105

      1.86960000 
      7.31291667 
     14.46033333 
     21.60775000 
     28.75516667 
     35.90258333 
     13.51000000

      2.46385673 
      4.89807895 
     17.09191228 
     24.23932895 
     31.38674561 
     13.89287895 
     16.14157895


      0.10000000 
      0.77416667 
      0.36933333 
      1.96450000 
      1.55966667 
      3.15483333 
      2.75000000

      0.67757895 
      0.40574561 
      1.00091228 
      1.59607895 
      2.19124561 
      2.78641228 
      3.38157895

      0.29445789 
      1.03732456 
      0.63249123 
      2.22765789 
      1.82282456 
      3.41799123 
      3.01315789

      0.10000000 
      0.66890351 
      1.26407018 
      1.85923684 
      2.45440351 
      3.04957018 
      3.64473684

      0.55761579 
      1.30048246 
      0.89564912 
      2.49081579 
      2.08598246 
      3.68114912 
      6.27631579

      0.18919474 
      0.93206140 
      2.52722807 
      2.12239474 
      2.71756140 
      3.31272807 
      8.90789474

      0.82077368 
      1.56364035 
      2.15880702 
      2.75397368 
      2.34914035 
      3.94430702 
     11.53947368

      0.45235263 
      1.19521930 
      2.79038596 
      2.38555263 
      3.98071930 
      6.57588596 
     14.17105263

      1.08213158 
      1.82679825 
      2.42196491 
      3.01713158 
      3.61229825 
      9.20746491 
     16.80263158

      0.71551053 
      1.45837719 
      3.05354386 
      2.64871053 
      4.24387719 
     11.83904386 
     19.43421053

      1.34528947 
      2.08995614 
      2.68512281 
      3.28028947 
      6.87545614 
     14.47062281 
     22.06578947

      0.97866842 
      1.72153509 
      3.31670175 
      2.91186842 
      9.50703509 
     17.10220175 
     24.69736842

      1.46204737 
      2.35311404 
      2.94828070 
      4.54344737 
     12.13861404 
     19.73378070 
     27.32894737

      1.24002632 
      1.98469298 
      3.57985965 
      7.17502632 
     14.77019298 
     22.36535965 
     29.96052632

      1.72520526 
      3.61627193 
      3.21143860 
      9.80660526 
     17.40177193 
     24.99693860 
     32.59210526

      1.50318421 
      2.24785088 
      4.84301754 
     12.43818421 
     20.03335088 
     27.62851754 
     35.22368421

      1.98476316 
      3.87942982 
      7.47459649 
     15.06976316 
     22.66492982 
     30.26009649 
     37.85526316

      1.61994211 
      3.51100877 
     10.10617544 
     17.70134211 
     25.29650877 
     32.89167544 
     40.48684211

      2.21419883 
      5.14258772 
     12.73775439 
     20.33292105 
     27.92808772 
     35.52325439 
     13.57842105

      1.88310000 
      7.77416667 
     15.36933333 
     22.96450000 
     30.55966667 
     13.51355000 
     16.21000000

      2.47735673 
      5.35932895 
     18.00091228 
     25.59607895 
     13.44867895 
     16.14512895 
     18.84157895


      0.10000000 
      0.23541667 
      1.27833333 
      1.32125000 
      2.36416667 
      2.40708333 
      3.45000000

      0.66557895 
      0.86699561 
      0.90991228 
      1.95282895 
      1.99574561 
      3.03866228 
      3.08157895

      0.30795789 
      0.49857456 
      1.54149123 
      1.58440789 
      2.62732456 
      2.67024123 
      3.71315789

      0.10000000 
      1.13015351 
      1.17307018 
      2.21598684 
      2.25890351 
      3.30182018 
      6.34473684

      0.57111579 
      0.76173246 
      1.80464912 
      1.84756579 
      2.89048246 
      2.93339912 
      8.97631579

      0.20269474 
      1.39331140 
      1.43622807 
      2.47914474 
      2.52206140 
      3.56497807 
     11.60789474

      0.83427368 
      1.02489035 
      2.06780702 
      2.11072368 
      3.15364035 
      6.19655702 
     14.23947368

      0.46585263 
      1.65646930 
      1.69938596 
      2.74230263 
      3.78521930 
      8.82813596 
     16.87105263

      1.09563158 
      2.28804825 
      2.33096491 
      3.37388158 
      3.41679825 
     11.45971491 
     19.50263158

      0.72901053 
      1.91962719 
      2.96254386 
      3.00546053 
      6.04837719 
     14.09129386 
     22.13421053

      1.35878947 
      2.55120614 
      2.59412281 
      3.63703947 
      8.67995614 
     16.72287281 
     24.76578947

      0.99216842 
      2.18278509 
      3.22570175 
      3.26861842 
     11.31153509 
     19.35445175 
     27.39736842

      1.47554737 
      2.81436404 
      2.85728070 
      5.90019737 
     13.94311404 
     21.98603070 
     30.02894737

      1.25352632 
      2.44594298 
      3.48885965 
      8.53177632 
     16.57469298 
     24.61760965 
     32.66052632

      1.73870526 
      3.07752193 
      3.12043860 
     11.16335526 
     19.20627193 
     27.24918860 
     35.29210526

      1.51668421 
      2.70910088 
      5.75201754 
     13.79493421 
     21.83785088 
     29.88076754 
     37.92368421

      1.99826316 
      3.34067982 
      8.38359649 
     16.42651316 
     24.46942982 
     32.51234649 
     40.55526316

      1.63344211 
      2.97225877 
     11.01517544 
     19.05809211 
     27.10100877 
     35.14392544 
     13.64684211

      2.22769883 
      5.60383772 
     13.64675439 
     21.68967105 
     29.73258772 
     13.13422105 
     16.27842105

      1.89660000 
      8.23541667 
     16.27833333 
     24.32125000 
     32.36416667 
     15.76580000 
     18.91000000

      2.49085673 
      5.82057895 
      8.96477895 
     12.10897895 
     15.25317895 
     18.39737895 
     21.54157895


      0.10000000 
      0.69666667 
      1.18733333 
      1.67800000 
      2.16866667 
      2.65933333 
      3.15000000

      0.65357895 
      1.32824561 
      0.81891228 
      2.30957895 
      1.80024561 
      3.29091228 
      3.78157895

      0.32145789 
      0.95982456 
      1.45049123 
      1.94115789 
      2.43182456 
      2.92249123 
      6.41315789

      0.10073684 
      1.59140351 
      1.08207018 
      2.57273684 
      2.06340351 
      3.55407018 
      9.04473684

      0.58461579 
      1.22298246 
      1.71364912 
      2.20431579 
      2.69498246 
      3.18564912 
     11.67631579

      0.21619474 
      1.85456140 
      1.34522807 
      2.83589474 
      2.32656140 
      5.81722807 
     14.30789474

      0.84777368 
      1.48614035 
      1.97680702 
      2.46747368 
      3.95814035 
      8.44880702 
     16.93947368

      0.47935263 
      2.11771930 
      1.60838596 
      3.09905263 
      3.58971930 
     11.08038596 
     19.57105263

      1.10913158 
      1.74929825 
      3.23996491 
      2.73063158 
      5.22129825 
     13.71196491 
     22.20263158

      0.74251053 
      2.38087719 
      1.87154386 
      3.36221053 
      7.85287719 
     16.34354386 
     24.83421053

      1.37228947 
      2.01245614 
      3.50312281 
      2.99378947 
     10.48445614 
     18.97512281 
     27.46578947

      1.00566842 
      2.64403509 
      3.13470175 
      4.62536842 
     13.11603509 
     21.60670175 
     30.09736842

      1.48904737 
      2.27561404 
      3.76628070 
      7.25694737 
     15.74761404 
     24.23828070 
     32.72894737

      1.26702632 
      2.90719298 
      3.39785965 
      9.88852632 
     18.37919298 
     26.86985965 
     35.36052632

      1.75220526 
      2.53877193 
      4.02943860 
     12.52010526 
     21.01077193 
     29.50143860 
     37.99210526

      1.53018421 
      3.17035088 
      6.66101754 
     15.15168421 
     23.64235088 
     32.13301754 
     11.08368421

      2.01176316 
      2.80192982 
      9.29259649 
     17.78326316 
     26.27392982 
     34.76459649 
     13.71526316

      1.64694211 
      3.43350877 
     11.92417544 
     20.41484211 
     28.90550877 
     12.75489211 
     16.34684211

      2.24119883 
      6.06508772 
     14.55575439 
     23.04642105 
     31.53708772 
     15.38647105 
     18.97842105

      1.91010000 
      8.69666667 
     17.18733333 
     25.67800000 
     14.42610000 
     18.01805000 
     21.61000000

      2.50435673 
      6.28182895 
      9.87377895 
     13.46572895 
     17.05767895 
     20.64962895 
     24.24157895


      0.10000000 
      0.15791667 
      1.09633333 
      2.03475000 
      1.97316667 
      2.91158333 
      3.85000000

      0.64157895 
      0.78949561 
      0.72791228 
      1.66632895 
      2.60474561 
      2.54316228 
      6.48157895

      0.33495789 
      0.42107456 
      1.35949123 
      2.29790789 
      2.23632456 
      3.17474123 
      9.11315789

      0.11423684 
      1.05265351 
      0.99107018 
      1.92948684 
      2.86790351 
      2.80632018 
     11.74473684

      0.59811579 
      0.68423246 
      1.62264912 
      2.56106579 
      2.49948246 
      5.43789912 
     14.37631579

      0.22969474 
      1.31581140 
      1.25422807 
      2.19264474 
      3.13106140 
      8.06947807 
     17.00789474

      0.86127368 
      0.94739035 
      2.88580702 
      2.82422368 
      2.76264035 
     10.70105702 
     19.63947368

      0.49285263 
      1.57896930 
      2.51738596 
      2.45580263 
      4.39421930 
     13.33263596 
     22.27105263

      1.12263158 
      2.21054825 
      3.14896491 
      3.08738158 
      7.02579825 
     15.96421491 
     24.90263158

      0.75601053 
      2.84212719 
      2.78054386 
      3.71896053 
      9.65737719 
     18.59579386 
     27.53421053

      1.38578947 
      2.47370614 
      3.41212281 
      3.35053947 
     12.28895614 
     21.22737281 
     30.16578947

      1.01916842 
      3.10528509 
      3.04370175 
      5.98211842 
     14.92053509 
     23.85895175 
     32.79736842

      1.50254737 
      2.73686404 
      3.67528070 
      8.61369737 
     17.55211404 
     26.49053070 
     35.42894737

      1.28052632 
      3.36844298 
      3.30685965 
     11.24527632 
     20.18369298 
     29.12210965 
     38.06052632

      1.76570526 
      3.00002193 
      4.93843860 
     13.87685526 
     22.81527193 
     31.75368860 
     11.15210526

      1.54368421 
      3.63160088 
      7.57001754 
     16.50843421 
     25.44685088 
     34.38526754 
     13.78368421

      2.02526316 
      3.26317982 
     10.20159649 
     19.14001316 
     28.07842982 
     37.01684649 
     16.41526316

      1.66044211 
      3.89475877 
     12.83317544 
     21.77159211 
     30.71000877 
     15.00714211 
     19.04684211

      2.25469883 
      6.52633772 
     15.46475439 
     24.40317105 
     13.59902105 
     17.63872105 
     21.67842105

      1.92360000 
      9.15791667 
      8.15120000 
     12.19090000 
     16.23060000 
     20.27030000 
     24.31000000

      2.51785673 
      6.74307895 
     10.78277895 
     14.82247895 
     18.86217895 
     22.90187895 
     26.94157895


