-10000000007.30622673 
-10000000007.30558586 
-10000000007.30360794 
-10000000007.29854584 
-10000000007.28778076 
-10000000007.26872635 
-10000000007.24052048

-9013388955.40161514 
-8749185297.82837486 
-8746919943.61981773 
-8741172098.42635727 
-8729116583.79766083 
-8708210528.60611916 
-8678223134.00972366

   -135.71549238 
   -136.21984706 
   -136.81478532 
   -137.53084695 
   -138.41308514 
   -139.52671960 
   -140.96638595

   -112.07060804 
   -113.01553690 
   -113.06104364 
   -113.12137371 
   -113.20779359 
   -113.33117220 
   -113.49454981

    -45.26811351 
    -46.45667082 
    -46.58249385 
    -46.73582340 
    -46.93349179 
    -47.19149964 
    -47.51416578

    -39.52483870 
    -40.25332872 
    -40.28370967 
    -40.32788482 
    -40.39664429 
    -40.49990775 
    -40.63916701

    -27.36631352 
    -28.31586262 
    -28.37355801 
    -28.44871531 
    -28.55401777 
    -28.70116520 
    -28.89209196

    -24.68443950 
    -25.29390344 
    -25.31548629 
    -25.34829883 
    -25.40123613 
    -25.48241740 
    -25.59289998

    -19.91033349 
    -20.67855401 
    -20.71306566 
    -20.76081028 
    -20.83192913 
    -20.93569988 
    -21.07340485

    -18.31147885 
    -18.84079362 
    -18.85719542 
    -18.88308115 
    -18.92601847 
    -18.99289304 
    -19.08453947

    -15.76786370 
    -16.41173006 
    -16.43537320 
    -16.46980912 
    -16.52350074 
    -16.60416011 
    -16.71275951

    -14.67022662 
    -15.14461866 
    -15.15773241 
    -15.17915195 
    -15.21553608 
    -15.27293202 
    -15.35203988

    -13.11366378 
    -13.66846797 
    -13.68604617 
    -13.71279614 
    -13.75599468 
    -13.82225765 
    -13.91237334

    -12.30082519 
    -12.73079436 
    -12.74164127 
    -12.75989327 
    -12.79150533 
    -12.84187872 
    -12.91161934

    -11.17441038 
    -11.66682504 
    -11.68066980 
    -11.70258867 
    -11.73903192 
    -11.79585465 
    -11.87372714

    -10.55745747 
    -10.95111728 
    -10.96033438 
    -10.97626253 
    -11.00431014 
    -11.04937829 
    -11.11200416

     -9.71153411 
    -10.15674518 
    -10.16809802 
    -10.18671343 
    -10.21841848 
    -10.26849648 
    -10.33753471

     -9.23293721 
     -9.59636172 
     -9.60435692 
     -9.61850540 
     -9.64377362 
     -9.68465920 
     -9.74164658

     -8.60466331 
     -9.01092294 
     -9.02049644 
     -9.03667465 
     -9.06676520 
     -9.10715955 
     -9.16402922

     -8.22054379 
     -8.55103695 
     -8.55690548 
     -8.56883293 
     -8.59173345 
     -8.63005502 
     -8.68427029

     -7.72799050 
     -8.09832126 
     -8.10435880 
     -8.11611122 
     -8.13820493 
     -8.17481881 
     -8.22637286


-10000000007.30622673 
-9499992395.95612526 
-9499974967.50974655 
-9120551404.59590530 
-9114477097.63024521 
-8708210536.72295380 
-8678223133.64500999

-9013388954.25842476 
-6849186885.84672928 
-6846924976.82805538 
-6841185982.65634155 
-3414574611.50148821 
-3404137835.52110863 
   -136.94128188

   -135.35769817 
   -131.44475758 
   -130.54916429 
   -123.06368700 
   -121.82817622 
   -115.17519808 
   -113.32690357

   -112.05032741 
    -98.96128462 
    -96.10893565 
    -77.59426219 
    -71.29068931 
    -70.31649579 
    -46.95270125

    -45.18653171 
    -44.87915403 
    -44.35537935 
    -43.01952266 
    -42.38523435 
    -41.35433544 
    -40.54224526

    -39.51369651 
    -38.17321472 
    -37.01386583 
    -34.42683193 
    -32.71613454 
    -31.56557151 
    -28.67170476

    -27.33889712 
    -27.50049201 
    -27.15209599 
    -26.68309095 
    -26.29092849 
    -25.98251889 
    -25.52945032

    -24.67735984 
    -24.62616606 
    -23.98439704 
    -23.20604037 
    -22.38447298 
    -22.05436642 
    -20.95497463

    -19.89652211 
    -20.17391832 
    -19.92443312 
    -19.70629237 
    -19.43995567 
    -19.31628426 
    -19.03962470

    -18.30597905 
    -18.54134315 
    -18.13048451 
    -17.80476719 
    -17.31998040 
    -17.09663938 
    -16.63843529

    -15.75948461 
    -16.06631784 
    -15.87845973 
    -15.75330610 
    -15.56129297 
    -15.46847076 
    -15.31848954

    -14.66629656 
    -14.96958491 
    -14.69842199 
    -14.52836192 
    -14.22781296 
    -14.06853716 
    -13.86118874

    -13.10802435 
    -13.41615192 
    -13.26940388 
    -13.17562570 
    -13.04406686 
    -12.97275351 
    -12.88555459

    -12.29786971 
    -12.59076868 
    -12.40809005 
    -12.27524670 
    -12.07794016 
    -11.96018448 
    -11.83622636

    -11.16994675 
    -11.47389637 
    -11.35603789 
    -11.27856798 
    -11.19322981 
    -11.13773014 
    -11.09113961

    -10.55510568 
    -10.83638897 
    -10.71029990 
    -10.60375946 
    -10.47071040 
    -10.38131502 
    -10.30881629

     -9.70823870 
    -10.00413243 
     -9.90736661 
     -9.84241653 
     -9.78810143 
     -9.74445671 
     -9.72454624

     -9.23105417 
     -9.50053459 
     -9.41690148 
     -9.32963985 
     -9.24821742 
     -9.17890370 
     -9.14895436

     -8.60212062 
     -8.88699072 
     -8.80609053 
     -8.75090764 
     -8.71530113 
     -8.68033936 
     -8.67465890

     -8.21892625 
     -8.47702192 
     -8.41781518 
     -8.34493381 
     -8.29130766 
     -8.23617843 
     -8.21652852

     -7.72593878 
     -7.99930831 
     -7.93061547 
     -7.88310740 
     -7.85720864 
     -7.85443663 
     -7.87330302


-10000000007.30622673 
-9499992394.00716209 
-9123447455.34100342 
-8741172098.06696129 
-6829149087.77012253 
-3404137837.44156218 
   -135.02847799

-9013388953.09039879 
-6849186845.61076641 
-3423462555.36058283 
   -134.94593494 
   -130.55112523 
   -121.81655227 
   -113.18383776

   -135.03792690 
   -130.50544115 
   -121.69560848 
   -112.94533285 
    -96.09229439 
    -71.19346138 
    -46.53319738

   -112.03076076 
    -96.01684612 
    -71.01861602 
    -46.20793440 
    -44.42395383 
    -42.43037082 
    -40.45625480

    -45.11079412 
    -44.31736401 
    -42.25453958 
    -40.22277555 
    -37.02327162 
    -32.69686347 
    -28.48803781

    -39.50284169 
    -36.95967227 
    -32.55235582 
    -28.22180178 
    -27.20893355 
    -26.33308807 
    -25.47181507

    -27.31260765 
    -27.12380352 
    -26.19065109 
    -25.27813360 
    -24.00236098 
    -22.39021753 
    -20.85125986

    -24.67042425 
    -23.94797361 
    -22.26996335 
    -20.63375308 
    -19.97148638 
    -19.47795518 
    -18.99817600

    -19.88310879 
    -19.90254366 
    -19.36003444 
    -18.83275860 
    -18.15156306 
    -17.33564467 
    -16.57147423

    -18.30058160 
    -18.10389428 
    -17.23262289 
    -16.38817543 
    -15.91875117 
    -15.59612473 
    -15.28717523

    -15.75129174 
    -15.86087947 
    -15.49499043 
    -15.14120780 
    -14.72071396 
    -14.24784986 
    -13.81422032

    -14.66242779 
    -14.67786199 
    -14.15725192 
    -13.65571654 
    -13.30481698 
    -13.07626118 
    -12.86101854

    -13.10248679 
    -13.25486707 
    -12.98751330 
    -12.73020626 
    -12.43052840 
    -12.09999132 
    -11.80136908

    -12.29495392 
    -12.39154391 
    -12.01859813 
    -11.66032132 
    -11.38811099 
    -11.22345389 
    -11.07136767

    -11.16555756 
    -11.34369507 
    -11.14373717 
    -10.95236729 
    -10.73239793 
    -10.49356359 
    -10.28186713

    -10.55278210 
    -10.69657683 
    -10.41937917 
    -10.15408898 
     -9.93690881 
     -9.81668830 
     -9.70825473

     -9.70499014 
     -9.89667818 
     -9.74400028 
     -9.59883458 
     -9.43840338 
     -9.27113253 
     -9.12746270

     -9.22919121 
     -9.40525427 
     -9.20296712 
     -9.01068994 
     -8.83347476 
     -8.74208234 
     -8.66099006

     -8.59960948 
     -8.79670608 
     -8.67578629 
     -8.55932162 
     -8.43806223 
     -8.31338704 
     -8.20703454

     -8.21732493 
     -8.40781528 
     -8.25124832 
     -8.10467217 
     -7.95584855 
     -7.88794777 
     -7.86861351

     -7.72390997 
     -7.92231551 
     -7.82227600 
     -7.76128734 
     -7.73036655 
     -7.72684827 
     -7.74720179


-4945854312.70360184 
-9124588848.26415443 
-8746919943.23103905 
-6841185982.51221752 
   -134.04583495 
   -122.71699651 
   -113.06023052

-4908073687.08583164 
-4946995570.81596470 
   -134.35020061 
   -122.69002306 
   -112.89564414 
    -74.38515544 
    -46.20718028

   -134.75031956 
   -122.75427247 
   -112.86622089 
    -74.69260495 
    -46.01622725 
    -42.95029257 
    -40.37941380

   -112.01187029 
    -75.21619320 
    -46.02055795 
    -42.83875246 
    -40.20890035 
    -33.88520196 
    -28.33248100

    -45.04028292 
    -42.84636973 
    -40.16597772 
    -33.87301857 
    -28.15332253 
    -26.67420129 
    -25.41921591

    -39.49226303 
    -33.97073519 
    -28.12423311 
    -26.57584695 
    -25.27530967 
    -23.02534805 
    -20.75963305

    -27.28737567 
    -26.57277632 
    -25.23630735 
    -22.97212616 
    -20.60555405 
    -19.72007000 
    -18.95979977

    -24.66362828 
    -23.00342300 
    -20.57132707 
    -19.63498147 
    -18.83540122 
    -17.73481687 
    -16.51081477

    -19.87007621 
    -19.62825523 
    -18.80011991 
    -17.67485047 
    -16.37723933 
    -15.77743329 
    -15.25787649

    -18.29528359 
    -17.68528370 
    -16.34349268 
    -15.70229652 
    -15.14703957 
    -14.52346796 
    -13.77095838

    -15.74327883 
    -15.69406634 
    -15.11453827 
    -14.46418359 
    -13.65333422 
    -13.21742820 
    -12.83787800

    -14.65861888 
    -14.46593011 
    -13.62142446 
    -13.15012587 
    -12.73781234 
    -12.30245200 
    -11.76888017

    -13.09704830 
    -13.14134533 
    -12.70775268 
    -12.24562418 
    -11.66280053 
    -11.33530305 
    -11.05260306

    -12.29207699 
    -12.24241493 
    -11.63261866 
    -11.26398554 
    -10.96102698 
    -10.64214169 
    -10.25652555

    -11.16124092 
    -11.24957914 
    -10.93299776 
    -10.58531931 
    -10.15945442 
     -9.89449843 
     -9.69271489

    -10.55048621 
    -10.57517939 
    -10.13089447 
     -9.82988221 
     -9.60809868 
     -9.36676171 
     -9.10711364

     -9.70178743 
     -9.81669279 
     -9.58181363 
     -9.31409169 
     -9.01773044 
     -8.79909258 
     -8.64789748

     -9.22734801 
     -9.30438921 
     -8.99079357 
     -8.74001153 
     -8.57064212 
     -8.37972629 
     -8.19295380

     -8.59712931 
     -8.72783858 
     -8.54594869 
     -8.33163658 
     -8.11110642 
     -7.92741324 
     -7.86403751

     -8.21573958 
     -8.32259587 
     -8.08599681 
     -7.87354290 
     -7.77840457 
     -7.74259268 
     -7.74506131

     -7.72190366 
     -7.86235962 
     -7.74943972 
     -7.68719895 
     -7.65866229 
     -7.65863878 
     -7.68269600


-2478137935.32272387 
-9124588845.65129089 
-6846924976.29586315 
   -133.60117473 
   -121.60802601 
    -95.91417771 
    -45.94611374

-2441075000.54902935 
-2480107489.93759203 
   -127.66552760 
   -112.79773571 
    -70.77902913 
    -44.17654329 
    -40.31031075

   -134.30444479 
   -121.62422703 
    -95.86827937 
    -45.81911448 
    -42.24217199 
    -36.93783418 
    -28.19893946

   -111.99362085 
    -70.85780614 
    -44.27771253 
    -40.13097442 
    -32.44597934 
    -27.23422863 
    -25.37100867

    -44.97446518 
    -42.20228863 
    -36.87579896 
    -28.03610462 
    -26.19013252 
    -23.95837704 
    -20.67806189

    -39.48194992 
    -32.46441398 
    -27.09593830 
    -25.21527191 
    -22.21646848 
    -19.99475671 
    -18.92416034

    -27.26313737 
    -26.15275062 
    -23.89441359 
    -20.52430716 
    -19.36490811 
    -18.12933585 
    -16.45559172

    -24.65696768 
    -22.21354090 
    -19.88183883 
    -18.78688314 
    -17.20492308 
    -15.94062061 
    -15.23040115

    -19.85740806 
    -19.33112904 
    -18.06697205 
    -16.31568995 
    -15.50312872 
    -14.71131003 
    -13.73097287

    -18.29008224 
    -17.19280227 
    -15.84498529 
    -15.10617691 
    -14.14383021 
    -13.32565922 
    -12.81601495

    -15.73543988 
    -15.47202458 
    -14.65107667 
    -13.60400545 
    -12.99759191 
    -12.42894955 
    -11.73852169

    -14.65486840 
    -14.12730298 
    -13.24236556 
    -12.70253419 
    -12.01379811 
    -11.40852490 
    -11.03476923

    -13.09170619 
    -12.96870344 
    -12.37136409 
    -11.62147890 
    -11.15519431 
    -10.73581339 
    -10.23264916

    -12.28923815 
    -11.99502216 
    -11.33371679 
    -10.92992534 
    -10.42003366 
     -9.95701922 
     -9.67787485

    -11.15699501 
    -11.12793215 
    -10.68093565 
    -10.12378657 
     -9.75636522 
     -9.44506756 
     -9.08781665

    -10.54821752 
    -10.40018199 
     -9.88860954 
     -9.58024750 
     -9.20711237 
     -8.85313641 
     -8.63534477

     -9.69862957 
     -9.73045430 
     -9.39285733 
     -8.98635413 
     -8.68839585 
     -8.44622001 
     -8.17701598

     -9.22552426 
     -9.18693329 
     -8.79009428 
     -8.54574579 
     -8.25725858 
     -7.97462313 
     -7.85957086

     -8.59467953 
     -8.66403033 
     -8.39774499 
     -8.08329646 
     -7.84298458 
     -7.76012895 
     -7.74295519

     -8.21416996 
     -8.23763605 
     -7.91680292 
     -7.75581145 
     -7.68727136 
     -7.66783896 
     -7.68146321

     -7.71991948 
     -7.81427306 
     -7.69692591 
     -7.63712654 
     -7.61226418 
     -7.61586224 
     -7.64318631


-1426461873.69376826 
-8749185301.07391739 
-3423462554.58405066 
   -122.40120630 
    -95.76387183 
    -44.80077173 
    -39.87263711

-1389621834.80637717 
-1459724390.74543428 
   -121.56106951 
    -73.23579392 
    -43.92230428 
    -37.60179389 
    -28.08297410

   -133.78859763 
   -114.14816722 
    -70.71323842 
    -42.68755227 
    -36.82814109 
    -27.48275235 
    -25.32665544

   -111.97597971 
    -53.20575006 
    -42.16639384 
    -33.46807833 
    -27.12632319 
    -24.37148882 
    -20.60494899

    -44.91287866 
    -40.84205094 
    -32.38802808 
    -26.48231293 
    -23.87245431 
    -20.18016086 
    -18.89096963

    -39.47189227 
    -29.91976910 
    -26.12821896 
    -22.78129311 
    -19.90825383 
    -18.41278980 
    -16.40509266

    -27.23983404 
    -25.65803423 
    -22.16673979 
    -19.57115239 
    -18.05855185 
    -16.08456968 
    -15.20458093

    -24.65043834 
    -21.42257907 
    -19.31337918 
    -17.56313259 
    -15.86870906 
    -14.91862874 
    -13.69389839

    -19.84508897 
    -19.08959744 
    -17.16149032 
    -15.65582513 
    -14.65066293 
    -13.44085719 
    -12.79532443

    -18.28497489 
    -16.84654550 
    -15.45873273 
    -14.39049362 
    -13.26417287 
    -12.58758469 
    -11.71008686

    -15.72776919 
    -15.32603349 
    -14.10511133 
    -13.11470129 
    -12.37576732 
    -11.50293105 
    -11.01779727

    -14.65117500 
    -13.92492195 
    -12.95848180 
    -12.19319668 
    -11.35440758 
    -10.86135179 
    -10.21011206

    -13.08645787 
    -12.84976200 
    -11.97865390 
    -11.24730476 
    -10.68834836 
    -10.03588269 
     -9.66368747

    -12.28643662 
    -11.83584741 
    -11.11993821 
    -10.55572575 
     -9.90848214 
     -9.53751424 
     -9.06949066

    -11.15281807 
    -11.02891763 
    -10.38774742 
     -9.81789621 
     -9.40215927 
     -8.92006385 
     -8.62329855

    -10.54380391 
    -10.27150080 
     -9.72411613 
     -9.29930319 
     -8.80915684 
     -8.51228590 
     -8.16180526

     -9.69551562 
     -9.64666530 
     -9.17726343 
     -8.72955892 
     -8.40768795 
     -8.03217719 
     -7.85520961

     -9.22371963 
     -9.08061190 
     -8.65891017 
     -8.31893898 
     -7.93479476 
     -7.77978960 
     -7.74088259

     -8.59225957 
     -8.59214806 
     -8.22992584 
     -7.86434238 
     -7.72291808 
     -7.67780934 
     -7.68024523

     -8.21261582 
     -8.14821919 
     -7.81332323 
     -7.68363522 
     -7.63133502 
     -7.62192343 
     -7.64238118

     -7.71795706 
     -7.77479886 
     -7.65716950 
     -7.60089612 
     -7.57965017 
     -7.58639260 
     -7.61636688


-920159198.70234346 
-8749185297.33134460 
   -133.10153771 
   -112.67209871 
    -45.46935612 
    -39.45883512 
    -27.98127287

-883361132.99537563 
   -133.51650222 
   -112.70649170 
    -45.52012987 
    -39.78360160 
    -27.90311779 
    -25.19183421

   -133.36297423 
   -112.75847057 
    -45.61932799 
    -40.05006297 
    -27.87017090 
    -25.21373233 
    -20.53902099

   -111.95891635 
    -45.75354444 
    -40.06501948 
    -27.88116477 
    -25.17169204 
    -20.46766213 
    -18.85997900

    -44.85512044 
    -40.09527542 
    -27.92512946 
    -25.15861022 
    -20.43133115 
    -18.79666768 
    -16.35872544

    -39.46208053 
    -27.99019370 
    -25.16645893 
    -20.42898962 
    -18.75856396 
    -16.29438496 
    -15.18026784

    -27.21741155 
    -25.18644149 
    -20.45162518 
    -18.74487974 
    -16.25872022 
    -15.12295556 
    -13.65942238

    -24.64403636 
    -20.48938764 
    -18.74877883 
    -16.25087048 
    -15.08766713 
    -13.60114473 
    -12.77571277

    -19.83310441 
    -18.76274647 
    -16.26324384 
    -15.07373008 
    -13.56722260 
    -12.72329875 
    -11.68339502

    -18.27995895 
    -16.28750755 
    -15.07512638 
    -13.55692619 
    -12.69048225 
    -11.62962188 
    -11.00162499

    -15.72026128 
    -15.08522824 
    -13.56370214 
    -12.67667487 
    -11.59725367 
    -10.95312798 
    -10.18880249

    -14.64753737 
    -13.58034064 
    -12.67649372 
    -11.58565381 
    -10.92236334 
    -10.13869187 
     -9.65010979

    -13.08130083 
    -12.68400319 
    -11.58900300 
    -10.90880552 
    -10.10780060 
     -9.60487976 
     -9.05206276

    -12.28056428 
    -11.60088900 
    -10.90756558 
    -10.09556225 
     -9.57588707 
     -9.00526432 
     -8.61172817

    -11.14870840 
    -10.91324788 
    -10.09671550 
     -9.56265530 
     -8.97591755 
     -8.57018739 
     -8.14727205

    -10.53786380 
    -10.10545649 
     -9.56069520 
     -8.96351219 
     -8.54336807 
     -8.10400623 
     -7.85095000

     -9.69244464 
     -9.56504907 
     -8.96324817 
     -8.53085259 
     -8.07652760 
     -7.80199605 
     -7.73884269

     -9.22193383 
     -8.96982625 
     -8.52856347 
     -8.06441008 
     -7.76865447 
     -7.68865331 
     -7.67904178

     -8.58986887 
     -8.53199110 
     -8.06329821 
     -7.75049162 
     -7.65405506 
     -7.62838593 
     -7.64158377

     -8.21107694 
     -8.06836809 
     -7.74314405 
     -7.63461378 
     -7.59331557 
     -7.59070124 
     -7.61579787

     -7.71601603 
     -7.74177943 
     -7.62596552 
     -7.57339647 
     -7.55540208 
     -7.56478774 
     -7.59690362


-653352812.43261385 
-6849186850.97554111 
   -125.29237252 
    -72.35213836 
    -41.83716880 
    -28.78412064 
    -24.99523930

-616563211.03845143 
   -131.06151922 
    -95.67533381 
    -42.55910489 
    -32.24300676 
    -25.50537064 
    -20.47924995

   -133.00545623 
    -97.47007362 
    -43.81388514 
    -33.15836623 
    -26.10544673 
    -20.97926233 
    -18.81461308

   -111.94240228 
    -44.66579189 
    -36.75893577 
    -26.39997481 
    -22.08238538 
    -19.00902606 
    -16.31599378

    -44.80083763 
    -37.65705881 
    -27.04537811 
    -22.62246992 
    -19.30030132 
    -16.63114740 
    -15.15733117

    -39.45250559 
    -27.36381649 
    -23.81570814 
    -19.51366613 
    -17.10941957 
    -15.28492210 
    -13.62727587

    -27.19581988 
    -24.36221437 
    -19.84294850 
    -17.46597887 
    -15.45212832 
    -13.84068945 
    -12.75709614

    -24.63775796 
    -20.07852602 
    -18.01018347 
    -15.61330136 
    -14.07216991 
    -12.85115834 
    -11.65828768

    -19.82144066 
    -18.38004047 
    -15.81409242 
    -14.32466001 
    -12.95625214 
    -11.80928123 
    -10.98619605

    -18.27503195 
    -15.99576589 
    -14.60806983 
    -13.08190450 
    -11.95793603 
    -11.05678465 
    -10.16862093

    -15.71291092 
    -14.87588368 
    -13.21720051 
    -12.14549729 
    -11.12096943 
    -10.27873516 
     -9.63710256

    -14.64395421 
    -13.36174308 
    -12.33760471 
    -11.22119849 
    -10.37519670 
     -9.68989518 
     -9.03546724

    -13.07623267 
    -12.54089693 
    -11.31279945 
    -10.51949318 
     -9.72753722 
     -9.11117843 
     -8.60060543

    -12.27183378 
    -11.43058908 
    -10.65369203 
     -9.80642261 
     -9.17028508 
     -8.63292581 
     -8.13337118

    -11.14466436 
    -10.80893213 
     -9.87093247 
     -9.28521893 
     -8.66376226 
     -8.17828636 
     -7.84678844

    -10.53203395 
     -9.96879790 
     -9.37038326 
     -8.71952274 
     -8.22643991 
     -7.82729069 
     -7.73683472

     -9.68941573 
     -9.47717166 
     -8.77494733 
     -8.30680054 
     -7.82963246 
     -7.70049385 
     -7.67785260

     -9.21880550 
     -8.85758182 
     -8.37887081 
     -7.85548506 
     -7.68161536 
     -7.63529193 
     -7.64079397

     -8.58750690 
     -8.45688673 
     -7.90367073 
     -7.68015267 
     -7.60912062 
     -7.59524582 
     -7.61523340

     -8.20713135 
     -7.97442788 
     -7.69224533 
     -7.59902443 
     -7.56569975 
     -7.56801582 
     -7.59647907

     -7.71409605 
     -7.71372717 
     -7.60078468 
     -7.55177037 
     -7.53662676 
     -7.54823156 
     -7.58209870


-502564182.27231514 
-6849186844.97325993 
   -118.52364633 
    -45.28266067 
    -35.44938532 
    -26.02708337 
    -20.42479670

-491309468.14961964 
   -125.74121156 
    -70.47517541 
    -39.29264143 
    -26.87486682 
    -22.07071664 
    -18.71860589

   -132.70065770 
    -95.71178065 
    -42.08918674 
    -27.74980949 
    -23.59430265 
    -19.32481631 
    -16.27647847

   -111.92641086 
    -43.92872985 
    -32.25106976 
    -25.10725844 
    -19.83801347 
    -17.10876711 
    -15.13565503

    -44.74971981 
    -36.77956843 
    -26.07234117 
    -20.34518591 
    -17.97985865 
    -15.47534414 
    -13.59722609

    -39.44315881 
    -27.04812126 
    -22.07733220 
    -18.70626926 
    -15.82439848 
    -14.07790963 
    -12.73939921

    -27.17501280 
    -23.82854170 
    -19.27096825 
    -16.19254112 
    -14.59004341 
    -12.97841562 
    -11.63462516

    -24.63159953 
    -19.84471406 
    -17.09831577 
    -15.04358631 
    -13.22773528 
    -11.96765652 
    -10.97145939

    -19.81008476 
    -18.01861136 
    -15.42538510 
    -13.51387210 
    -12.32755775 
    -11.14247978 
    -10.14947839

    -18.27019148 
    -15.81517401 
    -14.05798157 
    -12.65245249 
    -11.32388576 
    -10.38741911 
     -9.62462987

    -15.70571309 
    -14.61375591 
    -12.93153492 
    -11.55250124 
    -10.64904055 
     -9.74850128 
     -9.01964470

    -14.64042429 
    -13.21778427 
    -11.94207407 
    -10.88889213 
     -9.88252210 
     -9.18398924 
     -8.58990434

    -13.07125107 
    -12.34150377 
    -11.09768529 
    -10.06920539 
     -9.36946126 
     -8.68382741 
     -8.12006144

    -12.26330153 
    -11.31297113 
    -10.35848693 
     -9.54597865 
     -8.78679129 
     -8.24048445 
     -7.84272152

    -11.14068435 
    -10.65637112 
     -9.70541131 
     -8.94202806 
     -8.38003733 
     -7.85638402 
     -7.73485791

    -10.52631124 
     -9.87078288 
     -9.15329569 
     -8.51667117 
     -7.91531371 
     -7.71347848 
     -7.67667742

     -9.68642802 
     -9.37220358 
     -8.64295487 
     -8.04654288 
     -7.71579777 
     -7.64268983 
     -7.64001167

     -9.21428113 
     -8.77456687 
     -8.20991359 
     -7.74532115 
     -7.62762518 
     -7.60004672 
     -7.61467341

     -8.58515932 
     -8.38013836 
     -7.80472336 
     -7.63214869 
     -7.57736180 
     -7.57139460 
     -7.59605743

     -8.20379783 
     -7.90315777 
     -7.65354606 
     -7.57194547 
     -7.54467994 
     -7.55074500 
     -7.58176917

     -7.71219675 
     -7.68958214 
     -7.58001164 
     -7.53429192 
     -7.52163462 
     -7.53511634 
     -7.57043685


-413957775.82548338 
-3424593500.97598839 
   -107.28869369 
    -42.44855371 
    -27.65886208 
    -22.41817653 
    -18.63337709

-411046704.22219306 
   -122.27935683 
    -45.31768335 
    -32.91338642 
    -24.83021547 
    -19.49022298 
    -16.23982291

   -132.43753513 
    -72.80145581 
    -39.51513912 
    -26.32690242 
    -20.29286212 
    -17.35461558 
    -15.08626124

   -111.91091718 
    -42.59741906 
    -27.76224858 
    -22.48810461 
    -18.67649519 
    -15.60559148 
    -13.56907057

    -44.70149278 
    -33.30505900 
    -25.10435596 
    -19.46160559 
    -16.16062054 
    -14.26160710 
    -12.72255418

    -39.43403198 
    -26.41859262 
    -20.34911205 
    -17.38066921 
    -15.03568003 
    -13.08379979 
    -11.61228385

    -27.15494745 
    -22.68938492 
    -18.70233434 
    -15.57423369 
    -13.49389567 
    -12.11044775 
    -10.95736851

    -24.62555759 
    -19.52294249 
    -16.19251316 
    -14.26546846 
    -12.64842841 
    -11.22960678 
    -10.13129511

    -19.79901774 
    -17.50120528 
    -15.03901198 
    -13.05144820 
    -11.54025629 
    -10.50179415 
     -9.61265879

    -18.26543524 
    -15.61733870 
    -13.51181139 
    -12.10190268 
    -10.88760451 
     -9.82181073 
     -9.00454133

    -15.69866301 
    -14.34438831 
    -12.64756418 
    -11.19675276 
    -10.06215447 
     -9.27778877 
     -8.57960089

    -14.62891039 
    -13.08282456 
    -11.54922495 
    -10.48597888 
     -9.54664901 
     -8.74641693 
     -8.10730520

    -13.06634647 
    -12.15660903 
    -10.88384183 
     -9.78890915 
     -8.93849257 
     -8.31888740 
     -7.83874599

    -12.25496071 
    -11.22007166 
    -10.06520003 
     -9.25774431 
     -8.51841249 
     -7.89022590 
     -7.73291153

    -11.13676683 
    -10.52541809 
     -9.54086818 
     -8.70987811 
     -8.04525452 
     -7.72778573 
     -7.67551600

    -10.52069270 
     -9.79685780 
     -8.93762911 
     -8.29518442 
     -7.75939752 
     -7.65063540 
     -7.63923675

     -9.68348065 
     -9.27992337 
     -8.51173180 
     -7.84695169 
     -7.64960625 
     -7.60512677 
     -7.61411786

     -9.20983274 
     -8.71053820 
     -8.04203930 
     -7.67674851 
     -7.59068618 
     -7.57493513 
     -7.59563866

     -8.58281329 
     -8.30158485 
     -7.73705523 
     -7.59718317 
     -7.55365791 
     -7.55336071 
     -7.58144162

     -8.20051200 
     -7.84712936 
     -7.62307296 
     -7.55061078 
     -7.52811449 
     -7.53713181 
     -7.57017325

     -7.71031781 
     -7.66856813 
     -7.56256503 
     -7.51985522 
     -7.50937082 
     -7.52445549 
     -7.56099949


-357117543.97058225 
-3424593488.59681606 
    -95.51699001 
    -38.66506230 
    -25.88125884 
    -19.73931957 
    -16.20572180

-356318893.27341348 
   -118.93913334 
    -43.41832248 
    -27.63695089 
    -21.88542962 
    -17.76898208 
    -15.03402129

   -132.20795043 
    -70.48946486 
    -36.14072586 
    -24.86097047 
    -19.24406338 
    -15.79136056 
    -13.54263231

   -111.89589788 
    -42.08736977 
    -26.89572993 
    -20.27089399 
    -17.02880082 
    -14.54576261 
    -12.68399074

    -44.65591343 
    -32.25716324 
    -23.74625056 
    -18.67064913 
    -15.40702315 
    -13.22799617 
    -11.59115402

    -39.42511725 
    -26.07017379 
    -19.80729050 
    -16.13975672 
    -14.01026271 
    -12.32095009 
    -10.94388105

    -27.13558409 
    -22.07996630 
    -17.95908641 
    -15.01550429 
    -12.91922656 
    -11.33939977 
    -10.11399938

    -24.61962880 
    -19.26877621 
    -15.78548813 
    -13.47433891 
    -11.90882168 
    -10.64730140 
     -9.60115905

    -19.78821979 
    -17.09920211 
    -14.56882075 
    -12.62971349 
    -11.08999989 
     -9.89802802 
     -8.99010824

    -18.24216660 
    -15.42318700 
    -13.19371697 
    -11.52172742 
    -10.33522812 
     -9.37112516 
     -8.56967289

    -15.69175608 
    -14.05788213 
    -12.30645993 
    -10.87008271 
     -9.70122816 
     -8.80216701 
     -8.09506794

    -14.61557562 
    -12.92935945 
    -11.29315503 
    -10.04453313 
     -9.13708932 
     -8.38346736 
     -7.83485872

    -13.06096941 
    -11.94137411 
    -10.62834311 
     -9.53014653 
     -8.64111915 
     -7.93011664 
     -7.73099487

    -12.24680482 
    -11.09552071 
     -9.85424297 
     -8.92178190 
     -8.19840470 
     -7.74363382 
     -7.67436809

    -11.13291032 
    -10.35741163 
     -9.34932749 
     -8.50315073 
     -7.81707299 
     -7.65919332 
     -7.63846912

    -10.51517545 
     -9.70326510 
     -8.76058249 
     -8.02961293 
     -7.67617561 
     -7.61051165 
     -7.61356668

     -9.68057280 
     -9.15199226 
     -8.36108681 
     -7.74029370 
     -7.60606569 
     -7.57864960 
     -7.59522274

     -9.20545841 
     -8.64087651 
     -7.89116888 
     -7.62972991 
     -7.56373395 
     -7.55608519 
     -7.58111601

     -8.58049537 
     -8.20852441 
     -7.68769658 
     -7.57051510 
     -7.53525096 
     -7.53921994 
     -7.56991105

     -8.19727282 
     -7.80185880 
     -7.59841917 
     -7.53334279 
     -7.51470371 
     -7.52610963 
     -7.56078357

     -7.70845888 
     -7.65010325 
     -7.54769285 
     -7.50771800 
     -7.49914183 
     -7.51560904 
     -7.55319643


-320174355.41876048 
   -271.80716162 
    -70.28407944 
    -32.71448460 
    -23.08252550 
    -18.14343638 
    -14.98612840

-319939763.44309604 
   -113.54293567 
    -41.60753941 
    -26.26158861 
    -19.69493459 
    -15.94829510 
    -13.51775591

   -132.00577057 
    -48.51352671 
    -32.13506553 
    -22.37286394 
    -17.74847442 
    -14.72199137 
    -12.64854935

   -111.88133107 
    -40.54751577 
    -26.02201934 
    -19.41422376 
    -15.75056063 
    -13.33191153 
    -11.57113785

    -44.61276538 
    -29.02568230 
    -21.99909592 
    -17.30512628 
    -14.51936680 
    -12.43733568 
    -10.91706011

    -39.41640717 
    -25.48265177 
    -19.23223743 
    -15.53820965 
    -13.19046877 
    -11.41372231 
    -10.09752650

    -27.11688578 
    -21.04222399 
    -17.04181192 
    -14.21194467 
    -12.28477076 
    -10.74258183 
     -9.59010282

    -24.61380994 
    -18.97269023 
    -15.39460437 
    -13.02308589 
    -11.29610739 
     -9.96141182 
     -8.97630089

    -19.77769581 
    -16.63435845 
    -14.01516080 
    -12.06189540 
    -10.61373489 
     -9.45065160 
     -8.56009977

    -18.21714105 
    -15.24226121 
    -12.90645180 
    -11.17381106 
     -9.85871529 
     -8.85690051 
     -8.08331801

    -15.68498789 
    -13.81946460 
    -11.90844315 
    -10.45488245 
     -9.33980413 
     -8.45090995 
     -7.83105675

    -14.60261820 
    -12.80615146 
    -11.07682969 
     -9.76994826 
     -8.76614782 
     -7.97788670 
     -7.72910723

    -13.05569121 
    -11.77631937 
    -10.33133583 
     -9.23284230 
     -8.35475326 
     -7.76129240 
     -7.67323346

    -12.23882765 
    -11.00485589 
     -9.68778195 
     -8.69843573 
     -7.89723231 
     -7.66843895 
     -7.63770867

    -11.12911336 
    -10.24109468 
     -9.13089053 
     -8.27676925 
     -7.70898397 
     -7.61623027 
     -7.61301984

    -10.50975671 
     -9.62597463 
     -8.62784558 
     -7.83872448 
     -7.62402935 
     -7.58255143 
     -7.59480962

     -9.67770366 
     -9.05496133 
     -8.19109216 
     -7.67342007 
     -7.57512812 
     -7.55892553 
     -7.58079234

     -9.20115625 
     -8.57415530 
     -7.79645551 
     -7.59537159 
     -7.54315176 
     -7.54138482 
     -7.56965024

     -8.57820503 
     -8.12627259 
     -7.65001194 
     -7.54946585 
     -7.52052011 
     -7.52781730 
     -7.56056868

     -8.19407928 
     -7.76447479 
     -7.57803914 
     -7.51906321 
     -7.50361187 
     -7.51699239 
     -7.55301614

     -7.70661965 
     -7.63374251 
     -7.53485547 
     -7.49736298 
     -7.49047235 
     -7.50814317 
     -7.54663065


-295373990.08370662 
   -132.32123044 
    -45.08217101 
    -27.53887679 
    -20.18001197 
    -16.09536628 
    -13.49430432

-295300764.92089921 
   -107.02016423 
    -38.71884685 
    -24.65635780 
    -18.48133806 
    -14.93479943 
    -12.61553625

   -131.82628330 
    -45.29926661 
    -27.62638521 
    -20.20455412 
    -16.07800306 
    -13.44932280 
    -11.55214787

   -111.86719621 
    -39.48472367 
    -24.87574120 
    -18.56560328 
    -14.95578220 
    -12.59959867 
    -10.89136084

    -44.57185544 
    -27.74897201 
    -20.26027468 
    -16.09174862 
    -13.43065839 
    -11.50975668 
    -10.08181798

    -39.40789463 
    -25.09595843 
    -18.66010554 
    -14.98927558 
    -12.60709210 
    -10.87064754 
     -9.57776609

    -27.09881815 
    -20.33893011 
    -16.12967377 
    -13.43790389 
    -11.49021088 
    -10.04150930 
     -8.96307868

    -24.56913359 
    -18.69530470 
    -15.00579041 
    -12.60832310 
    -10.85617712 
     -9.54130158 
     -8.55086247

    -19.76743528 
    -16.18427883 
    -13.46489569 
    -11.49308050 
    -10.02150795 
     -8.92478637 
     -8.07202630

    -18.19309689 
    -15.03291721 
    -12.62070828 
    -10.85228619 
     -9.51998366 
     -8.51556813 
     -7.82733726

    -15.67835422 
    -13.50489862 
    -11.51279037 
    -10.02138596 
     -8.90478736 
     -8.03620054 
     -7.72724796

    -14.59002204 
    -12.64217968 
    -10.86165678 
     -9.51509514 
     -8.49548651 
     -7.78109884 
     -7.67211186

    -13.05050914 
    -11.54321852 
    -10.03604274 
     -8.90266767 
     -8.01682645 
     -7.67846076 
     -7.63695529

    -12.23102327 
    -10.87900265 
     -9.52221539 
     -8.49024521 
     -7.75059650 
     -7.62231543 
     -7.61247726

    -11.12537457 
    -10.05986201 
     -8.91373741 
     -8.01354697 
     -7.64530766 
     -7.58665551 
     -7.59439929

    -10.50443381 
     -9.53646424 
     -8.49581728 
     -7.73540331 
     -7.58812435 
     -7.56188946 
     -7.58047058

     -9.67487244 
     -8.93282402 
     -8.02208475 
     -7.62735610 
     -7.55194990 
     -7.54363087 
     -7.56939081

     -9.19692446 
     -8.50774965 
     -7.73116302 
     -7.56910492 
     -7.52689060 
     -7.52958122 
     -7.56035481

     -8.57594178 
     -8.03770456 
     -7.62024378 
     -7.53240445 
     -7.50844861 
     -7.51841636 
     -7.55283664

     -8.19093040 
     -7.73305097 
     -7.56089368 
     -7.50704652 
     -7.49427639 
     -7.50931818 
     -7.54647772

     -7.70479980 
     -7.61913956 
     -7.52365533 
     -7.48841829 
     -7.48302546 
     -7.50175310 
     -7.54102496


-278256371.57137716 
   -130.78468734 
    -43.12034124 
    -26.20283885 
    -19.09760640 
    -15.13150181 
    -12.58470554

-278232229.66087937 
    -96.67005847 
    -34.85074531 
    -22.27287122 
    -16.82193784 
    -13.61329678 
    -11.53410562

   -131.66580654 
    -44.49849081 
    -26.73427648 
    -19.37090588 
    -15.34086131 
    -12.73018232 
    -10.86715806

   -111.85347397 
    -37.30274321 
    -23.35627347 
    -17.23773544 
    -13.95621231 
    -11.63901074 
    -10.06682079

    -44.53301055 
    -27.25127833 
    -19.73572604 
    -15.50488044 
    -12.88586172 
    -10.95879765 
     -9.55823383

    -39.39957284 
    -24.16081049 
    -17.87820670 
    -14.16329751 
    -11.86528178 
    -10.14617548 
     -8.95040445

    -27.08134919 
    -19.99738730 
    -15.75892255 
    -12.99660479 
    -11.06183420 
     -9.60963519 
     -8.54194326

    -24.50835400 
    -18.24946020 
    -14.53284877 
    -12.02504219 
    -10.29936235 
     -9.01137690 
     -8.06116598

    -19.75742824 
    -15.93434978 
    -13.17174874 
    -11.15223614 
     -9.67711581 
     -8.57423649 
     -7.82369753

    -18.16997636 
    -14.78402455 
    -12.27763181 
    -10.42594652 
     -9.10700385 
     -8.10909819 
     -7.72541640

    -15.67185101 
    -13.31355059 
    -11.27466857 
     -9.75201262 
     -8.62023028 
     -7.80348107 
     -7.67100307

    -14.57777191 
    -12.47257963 
    -10.60469422 
     -9.20948682 
     -8.17278547 
     -7.68936322 
     -7.63620888

    -13.04542052 
    -11.39170881 
     -9.83845894 
     -8.68327676 
     -7.80523629 
     -7.62880437 
     -7.61193891

    -12.22338601 
    -10.76057448 
     -9.32955734 
     -8.25749976 
     -7.67093969 
     -7.59097835 
     -7.59399172

    -11.12169258 
     -9.93673132 
     -8.74693956 
     -7.83078691 
     -7.60309563 
     -7.56498541 
     -7.58015073

    -10.49920420 
     -9.45556743 
     -8.34429940 
     -7.67016479 
     -7.56181153 
     -7.54596284 
     -7.56913274

     -9.67207839 
     -8.83065630 
     -7.87925217 
     -7.59358896 
     -7.53390034 
     -7.53140427 
     -7.56014196

     -9.19276130 
     -8.43815822 
     -7.68327407 
     -7.54833528 
     -7.51370023 
     -7.51988282 
     -7.55265791

     -8.57370513 
     -7.95148032 
     -7.59610031 
     -7.51827940 
     -7.49836537 
     -7.51052476 
     -7.54632539

     -8.18782523 
     -7.70624536 
     -7.54625753 
     -7.49678604 
     -7.48630431 
     -7.50276425 
     -7.54089350

     -7.70299901 
     -7.60602073 
     -7.51379285 
     -7.48060953 
     -7.47655545 
     -7.49621827 
     -7.53617982


-266153097.42550868 
   -123.92298624 
    -41.21752209 
    -24.48718868 
    -17.54547358 
    -13.85970866 
    -11.51694053

-266144728.32982960 
    -95.48365078 
    -31.44350591 
    -20.14493258 
    -15.66586745 
    -12.86064173 
    -10.84432230

   -131.52142018 
    -43.35332513 
    -25.86640627 
    -18.46363382 
    -14.38526874 
    -11.82306798 
    -10.05248676

   -111.84014618 
    -35.86454670 
    -21.93002583 
    -16.04788512 
    -13.12585711 
    -11.06433499 
     -9.53969052

    -44.49607520 
    -26.85856640 
    -19.19671911 
    -14.93735784 
    -12.19445179 
    -10.28921097 
     -8.93824416

    -39.39143535 
    -23.68109334 
    -16.99095710 
    -13.40420999 
    -11.25904982 
     -9.69321524 
     -8.52905643

    -27.06444905 
    -19.79368965 
    -15.36609976 
    -12.58816253 
    -10.56060382 
     -9.11525351 
     -8.05071231

    -24.45132739 
    -17.94541527 
    -13.97607349 
    -11.46634327 
     -9.83679965 
     -8.63583011 
     -7.82013496

    -19.74766522 
    -15.77426559 
    -12.88304197 
    -10.83542134 
     -9.31277506 
     -8.18179872 
     -7.72361192

    -18.14772622 
    -14.55757798 
    -11.87741191 
     -9.99962406 
     -8.74703130 
     -7.82899039 
     -7.66990688

    -15.66547438 
    -13.18421384 
    -11.05724135 
     -9.50076701 
     -8.33153895 
     -7.70127070 
     -7.63546936

    -14.56585347 
    -12.29695298 
    -10.30606976 
     -8.88459122 
     -7.88040217 
     -7.63573965 
     -7.61140474

    -13.04042281 
    -11.28489862 
     -9.67113614 
     -8.47791277 
     -7.70245694 
     -7.59553833 
     -7.59358687

    -12.21591046 
    -10.62012821 
     -9.10989712 
     -7.99827924 
     -7.62054224 
     -7.56822260 
     -7.57983275

    -11.11806609 
     -9.84693988 
     -8.61351547 
     -7.73064434 
     -7.57294713 
     -7.54838587 
     -7.56887603

    -10.49406537 
     -9.34211026 
     -8.17335631 
     -7.62502602 
     -7.54165315 
     -7.53328953 
     -7.55993012

     -9.66932075 
     -8.75404989 
     -7.78850046 
     -7.56771450 
     -7.51942387 
     -7.52139373 
     -7.55247995

     -9.18866507 
     -8.35472899 
     -7.64656380 
     -7.53147672 
     -7.50277334 
     -7.51176424 
     -7.54617367

     -8.57149461 
     -7.88530529 
     -7.57610201 
     -7.50638140 
     -7.48980912 
     -7.50380045 
     -7.54076253

     -8.18476285 
     -7.68309357 
     -7.53360871 
     -7.48791693 
     -7.47941256 
     -7.49709813 
     -7.53606554

     -7.70121698 
     -7.59416680 
     -7.50503791 
     -7.47372970 
     -7.47087881 
     -7.49137495 
     -7.53194777


-257412404.67970556 
   -121.94843959 
    -38.18464953 
    -22.18523888 
    -16.00741436 
    -12.98417295 
    -10.82273871

-257409360.76248434 
    -71.68994006 
    -27.51123032 
    -19.33114127 
    -14.84920943 
    -11.97527450 
    -10.03877199

   -131.39077783 
    -42.40597991 
    -24.63449234 
    -17.17722216 
    -13.37552893 
    -11.14730210 
     -9.52206144

   -111.82520994 
    -32.87007179 
    -20.18250329 
    -15.47394904 
    -12.52839230 
    -10.39363010 
     -8.92656656

    -44.46090924 
    -26.29317983 
    -18.54807820 
    -14.11887779 
    -11.44589756 
     -9.75260262 
     -8.51437103

    -39.38347596 
    -22.45552997 
    -16.07345247 
    -12.97182026 
    -10.80955626 
     -9.18915552 
     -8.04064242

    -27.04808982 
    -19.43411281 
    -14.97512120 
    -11.99097745 
     -9.98506833 
     -8.68736066 
     -7.81664709

    -24.39771004 
    -17.35433759 
    -13.42225977 
    -11.13190707 
     -9.49555974 
     -8.24485298 
     -7.72183392

    -19.73813723 
    -15.55095282 
    -12.59570668 
    -10.39894934 
     -8.87426399 
     -7.85834988 
     -7.66882305

    -18.12629723 
    -14.24318104 
    -11.47928715 
     -9.73501966 
     -8.47434775 
     -7.71433246 
     -7.63473661

    -15.65922059 
    -13.03122997 
    -10.84086264 
     -9.18753544 
     -7.99086521 
     -7.64317007 
     -7.61087468

    -14.55425316 
    -12.08241991 
    -10.00898367 
     -8.66884888 
     -7.74221790 
     -7.60035600 
     -7.59318473

    -13.03551354 
    -11.17875723 
     -9.50463354 
     -8.23928081 
     -7.64115167 
     -7.57161116 
     -7.57951665

    -12.20859141 
    -10.46857910 
     -8.89140083 
     -7.82312366 
     -7.58562744 
     -7.55090553 
     -7.56862066

    -11.11449382 
     -9.77262815 
     -8.48074551 
     -7.66698025 
     -7.55027692 
     -7.53524034 
     -7.55971929

    -10.48901495 
     -9.24200010 
     -8.00331583 
     -7.59183457 
     -7.52568778 
     -7.52295118 
     -7.55230276

     -9.66659681 
     -8.69435739 
     -7.72545787 
     -7.54721882 
     -7.50754008 
     -7.51303801 
     -7.54602255

     -9.18463413 
     -8.28207347 
     -7.61747588 
     -7.51750364 
     -7.49356464 
     -7.50486266 
     -7.54063203

     -8.56930975 
     -7.83282311 
     -7.55924980 
     -7.49621415 
     -7.48245198 
     -7.49799822 
     -7.53595164

     -8.18174237 
     -7.66288417 
     -7.52256166 
     -7.48016957 
     -7.47339194 
     -7.49214796 
     -7.53184746

     -7.69945342 
     -7.57756131 
     -7.49721071 
     -7.46761957 
     -7.46585562 
     -7.48709905 
     -7.51415140


-254258987.36273247 
   -115.79383021 
    -34.07062513 
    -20.09104036 
    -15.25401140 
    -12.12114911 
    -10.02563642

-254257196.61002147 
    -70.22171697 
    -26.59949470 
    -18.37438829 
    -13.81530104 
    -11.23586789 
     -9.50527932

   -131.27197185 
    -41.46693889 
    -23.05004167 
    -16.00764215 
    -12.82124367 
    -10.51019410 
     -8.91534291

   -111.80903787 
    -32.09408192 
    -19.64745334 
    -14.87593220 
    -11.78214478 
     -9.82701478 
     -8.50032803

    -44.42738605 
    -25.99049063 
    -17.71354896 
    -13.37295344 
    -11.02802123 
     -9.28456716 
     -8.03093515

    -39.27875352 
    -21.96973407 
    -15.70881710 
    -12.54393486 
    -10.25124623 
     -8.75081466 
     -7.81323154

    -27.03224543 
    -19.21403244 
    -14.48554746 
    -11.44132738 
     -9.65493115 
     -8.32447885 
     -7.72008180

    -24.34719935 
    -17.01946348 
    -13.15115099 
    -10.81941547 
     -9.07960340 
     -7.89252752 
     -7.66775138

    -19.72883569 
    -15.37964375 
    -12.25086642 
     -9.97912433 
     -8.60089570 
     -7.72872921 
     -7.63401055

    -18.10564388 
    -13.99738136 
    -11.25723870 
     -9.48711022 
     -8.14927725 
     -7.65115195 
     -7.61034871

    -15.65308606 
    -12.89385224 
    -10.58257673 
     -8.86746866 
     -7.79406053 
     -7.60545433 
     -7.59278525

    -14.54295814 
    -11.89381375 
     -9.82350726 
     -8.46611534 
     -7.66589613 
     -7.57516221 
     -7.57920239

    -13.03069033 
    -11.06598151 
     -9.31095635 
     -7.98375055 
     -7.60020687 
     -7.55352784 
     -7.56836663

    -12.20142392 
    -10.31898675 
     -8.73396440 
     -7.72601144 
     -7.55993106 
     -7.53726023 
     -7.55950944

    -11.11097455 
     -9.67828385 
     -8.32842551 
     -7.62273843 
     -7.53257421 
     -7.52455742 
     -7.55212634

    -10.48405061 
     -9.12026496 
     -7.86787966 
     -7.56634340 
     -7.51271233 
     -7.51434754 
     -7.54587203

     -9.66390451 
     -8.61945782 
     -7.67897250 
     -7.53055942 
     -7.49759945 
     -7.50595189 
     -7.54050201

     -9.18066692 
     -8.18185865 
     -7.59382672 
     -7.50572255 
     -7.48569216 
     -7.49891923 
     -7.53583814

     -8.56715009 
     -7.79012338 
     -7.54484399 
     -7.48741963 
     -7.47605438 
     -7.49293752 
     -7.53174746

     -8.17876290 
     -7.64508056 
     -7.51282526 
     -7.47334033 
     -7.46808439 
     -7.48778386 
     -7.51375376

     -7.69770803 
     -7.55784248 
     -7.49016868 
     -7.46215464 
     -7.46137731 
     -7.47717981 
     -7.50088137


-248775000.74847984 
   -113.13982494 
    -30.18737632 
    -19.29450208 
    -14.27562064 
    -11.34355438 
     -9.48928338

-248774278.37940955 
    -46.85349472 
    -25.70636114 
    -17.12256653 
    -13.06961521 
    -10.65254366 
     -8.90454671

   -131.16343493 
    -40.32615277 
    -21.52696773 
    -15.44516094 
    -12.11382618 
     -9.90160364 
     -8.48688534

   -111.01159270 
    -28.47790111 
    -19.12236893 
    -14.07814759 
    -11.21394184 
     -9.37555239 
     -8.02157085

    -44.39539093 
    -25.34195997 
    -16.90396505 
    -12.94857129 
    -10.49869204 
     -8.80527868 
     -7.80988603

    -39.02301217 
    -20.76714343 
    -15.33962319 
    -11.95939047 
     -9.80525064 
     -8.38725879 
     -7.71835500

    -27.01689147 
    -18.87499289 
    -13.94024307 
    -11.11271694 
     -9.27068040 
     -7.93285060 
     -7.66669167

    -24.29952780 
    -16.46786696 
    -12.86114028 
    -10.37369876 
     -8.72927525 
     -7.74468201 
     -7.63329108

    -19.71975247 
    -15.17026154 
    -11.84868467 
     -9.71889556 
     -8.31014569 
     -7.65975054 
     -7.60982676

    -18.08572396 
    -13.70736753 
    -11.03880599 
     -9.16686285 
     -7.86469534 
     -7.61085919 
     -7.59238842

    -15.64706732 
    -12.75077240 
    -10.28249537 
     -8.65509943 
     -7.69619859 
     -7.57888798 
     -7.57888996

    -14.53195629 
    -11.69544792 
     -9.65539223 
     -8.22202713 
     -7.61715891 
     -7.55625935 
     -7.56811392

    -13.02595089 
    -10.96714469 
     -9.09018360 
     -7.81572045 
     -7.57081697 
     -7.53935304 
     -7.55930059

    -12.19440323 
    -10.17873426 
     -8.59990463 
     -7.66386410 
     -7.54018323 
     -7.52621483 
     -7.55195067

    -11.10750707 
     -9.60674937 
     -8.15661299 
     -7.59010775 
     -7.51834545 
     -7.51569440 
     -7.54572210

    -10.47917015 
     -9.02837330 
     -7.78084042 
     -7.54611618 
     -7.50194666 
     -7.50706921 
     -7.54037247

     -9.66124665 
     -8.55735024 
     -7.64319848 
     -7.51673582 
     -7.48915416 
     -7.49986194 
     -7.53572502

     -9.17676189 
     -8.10592706 
     -7.57419928 
     -7.49564723 
     -7.47888015 
     -7.49374419 
     -7.53164778

     -8.56501520 
     -7.75466455 
     -7.53237951 
     -7.47973295 
     -7.47043702 
     -7.48848241 
     -7.51335989

     -8.17582361 
     -7.62927012 
     -7.50417542 
     -7.46727239 
     -7.46336819 
     -7.47931640 
     -7.50059929

     -7.69598053 
     -7.54133151 
     -7.48379727 
     -7.45723608 
     -7.45477627 
     -7.46644985 
     -7.49121989


-244742741.51145643 
    -99.98439855 
    -27.41231092 
    -18.29558576 
    -13.32701642 
    -10.74947561 
     -8.89415353

-244742414.29942250 
    -44.98026645 
    -24.44112461 
    -15.97058115 
    -12.46089078 
     -9.96586886 
     -8.47400454

   -131.06386707 
    -38.44822745 
    -20.11381739 
    -14.82049649 
    -11.40636831 
     -9.45632886 
     -8.01253132

   -108.64120330 
    -27.56271418 
    -18.43101937 
    -13.34387414 
    -10.75654928 
     -8.86071543 
     -7.80660840

    -44.36481969 
    -24.75416858 
    -16.02283812 
    -12.50270833 
     -9.95220337 
     -8.45567118 
     -7.71665295

    -38.79942585 
    -20.21623729 
    -14.91209294 
    -11.41786869 
     -9.45809797 
     -7.98119108 
     -7.66564369

    -27.00200506 
    -18.61579541 
    -13.38333321 
    -10.78624998 
     -8.84648428 
     -7.76246422 
     -7.63257811

    -24.25445803 
    -16.09705666 
    -12.56826815 
     -9.95977800 
     -8.45479127 
     -7.66904198 
     -7.60930879

    -19.71087982 
    -14.98646985 
    -11.44836883 
     -9.47407776 
     -7.96705733 
     -7.61659974 
     -7.59199420

    -18.06649832 
    -13.43954350 
    -10.82133013 
     -8.85122498 
     -7.73423142 
     -7.58280201 
     -7.57857935

    -15.64116107 
    -12.60455905 
     -9.98380003 
     -8.45481816 
     -7.63713116 
     -7.55910719 
     -7.56786252

    -14.52123610 
    -11.49232546 
     -9.48803125 
     -7.96990747 
     -7.58319297 
     -7.54152287 
     -7.55909271

    -13.02129302 
    -10.84787600 
     -8.87046950 
     -7.72149957 
     -7.54863787 
     -7.52792594 
     -7.55177575

    -12.18752477 
    -10.01904723 
     -8.46645000 
     -7.62049216 
     -7.52450549 
     -7.51708024 
     -7.54557277

    -11.10409023 
     -9.51025929 
     -7.98562795 
     -7.56499124 
     -7.50664492 
     -7.50821575 
     -7.54024340

    -10.47437139 
     -8.89932277 
     -7.71993082 
     -7.52965236 
     -7.49286210 
     -7.50082713 
     -7.53561229

     -9.65862256 
     -8.48536708 
     -7.61476724 
     -7.50506988 
     -7.48188513 
     -7.49456854 
     -7.53154841

     -9.17291756 
     -8.00968466 
     -7.55763271 
     -7.48692636 
     -7.47292440 
     -7.48919513 
     -7.51296974

     -8.56290464 
     -7.72472111 
     -7.52148238 
     -7.47295372 
     -7.46546302 
     -7.48156881 
     -7.50031943

     -8.17292367 
     -7.61513022 
     -7.49643679 
     -7.46184303 
     -7.45914806 
     -7.46805479 
     -7.49100886

     -7.69427063 
     -7.52729259 
     -7.47121246 
     -7.44870421 
     -7.44542584 
     -7.45820895 
     -7.48385346


-241512491.79714233 
    -96.16737597 
    -26.48517964 
    -17.07294246 
    -12.76385457 
    -10.04723022 
     -8.46165043

-241512313.90247539 
    -44.36358541 
    -22.81139586 
    -15.41829671 
    -11.69952018 
     -9.54514022 
     -8.00379961

   -130.97218065 
    -37.04362966 
    -19.57014262 
    -14.04065731 
    -10.98209654 
     -8.92958092 
     -7.80339655

   -106.87322481 
    -27.15690771 
    -17.57634109 
    -12.92671678 
    -10.18800422 
     -8.51889154 
     -7.71497512

    -44.33557751 
    -24.00178787 
    -15.65287619 
    -11.93001543 
     -9.62551529 
     -8.04028020 
     -7.66460727

    -38.60218914 
    -19.92747959 
    -14.39601011 
    -11.09457082 
     -9.04059852 
     -7.78241812 
     -7.63187156

    -26.98756474 
    -18.14146224 
    -13.11075336 
    -10.35002744 
     -8.58294498 
     -7.67911561 
     -7.60879475

    -24.21177863 
    -15.88037396 
    -12.19468408 
     -9.70357405 
     -8.12762476 
     -7.62270901 
     -7.59160258

    -19.70221035 
    -14.70564931 
    -11.24077561 
     -9.14735836 
     -7.78349081 
     -7.58691927 
     -7.57827054

    -18.04793056 
    -13.27054874 
    -10.55492677 
     -8.64198073 
     -7.66103431 
     -7.56207912 
     -7.56761243

    -15.63536412 
    -12.41297344 
     -9.80932250 
     -8.20566252 
     -7.59739605 
     -7.54377415 
     -7.55888581

    -14.51078667 
    -11.35659804 
     -9.29342183 
     -7.80856401 
     -7.55809113 
     -7.52969347 
     -7.55160159

    -13.01671459 
    -10.71363364 
     -8.72160821 
     -7.66081414 
     -7.53127190 
     -7.51850681 
     -7.54542402

    -12.18078419 
     -9.90749140 
     -8.31339112 
     -7.58840784 
     -7.51173962 
     -7.50939270 
     -7.54011480

    -11.10072291 
     -9.41917057 
     -7.85701419 
     -7.54502711 
     -7.49684382 
     -7.50181563 
     -7.53549993

    -10.46965227 
     -8.80590669 
     -7.67478687 
     -7.51597580 
     -7.48508734 
     -7.49541117 
     -7.53065138

     -9.65603159 
     -8.41939742 
     -7.59159704 
     -7.49508522 
     -7.47555870 
     -7.48992246 
     -7.51258324

     -9.16913251 
     -7.93024473 
     -7.54345173 
     -7.47929961 
     -7.46767034 
     -7.48394693 
     -7.50004178

     -8.56081799 
     -7.69907920 
     -7.51186959 
     -7.46692754 
     -7.46102597 
     -7.46973401 
     -7.49079926

     -8.17006228 
     -7.60240483 
     -7.48947012 
     -7.45695475 
     -7.44943850 
     -7.45946104 
     -7.48368933

     -7.69257807 
     -7.51520051 
     -7.46083284 
     -7.43998025 
     -7.43794759 
     -7.45166965 
     -7.47804052


-238995737.65609747 
    -77.21262716 
    -25.57264781 
    -15.93633226 
    -12.04480482 
     -9.61446343 
     -7.99535994

-238995578.95671695 
    -42.96630141 
    -21.22448488 
    -14.77019999 
    -11.17374608 
     -9.01759662 
     -7.80024848

   -130.88745855 
    -34.34232084 
    -19.03465541 
    -13.31674806 
    -10.44463793 
     -8.57834244 
     -7.71332099

   -105.50102600 
    -26.64366709 
    -16.74075862 
    -12.46478109 
     -9.77188402 
     -8.11427104 
     -7.66358221

    -44.30757787 
    -23.15894699 
    -15.28797448 
    -11.39582346 
     -9.22713783 
     -7.80497826 
     -7.63117132

    -38.42682544 
    -19.67528501 
    -13.89010489 
    -10.75657457 
     -8.70158022 
     -7.69007706 
     -7.60828461

    -26.97355035 
    -17.77126860 
    -12.84060283 
     -9.94148853 
     -8.27389237 
     -7.62922455 
     -7.59121352

    -24.17130073 
    -15.72765424 
    -11.82200931 
     -9.45563805 
     -7.85000092 
     -7.59125638 
     -7.57796351

    -19.69373702 
    -14.50791883 
    -11.02142280 
     -8.83579292 
     -7.69019233 
     -7.56518363 
     -7.56736363

    -18.02998682 
    -13.15367057 
    -10.26044511 
     -8.44398945 
     -7.61387469 
     -7.54611166 
     -7.55867988

    -15.62967341 
    -12.25701990 
     -9.64047747 
     -7.95670164 
     -7.56873584 
     -7.53152031 
     -7.55142816

    -14.50059767 
    -11.25914240 
     -9.07163419 
     -7.71710396 
     -7.53874117 
     -7.51997599 
     -7.54527585

    -13.01221353 
    -10.58727954 
     -8.58695919 
     -7.61828607 
     -7.51728440 
     -7.51060130 
     -7.53998666

    -12.17417729 
     -9.82491011 
     -8.14077957 
     -7.56365760 
     -7.50113155 
     -7.50282832 
     -7.53538796

    -11.09740401 
     -9.31458733 
     -7.77345897 
     -7.52875537 
     -7.48850732 
     -7.49627271 
     -7.53008053

    -10.46501078 
     -8.73497985 
     -7.63991297 
     -7.50442330 
     -7.47835366 
     -7.49066486 
     -7.51220035

     -9.65347310 
     -8.33131446 
     -7.57233004 
     -7.48643706 
     -7.46999969 
     -7.48580984 
     -7.49976630

     -9.16540534 
     -7.86862659 
     -7.53116750 
     -7.47256985 
     -7.46299881 
     -7.47149290 
     -7.49059107

     -8.55875484 
     -7.67685937 
     -7.50332293 
     -7.46153340 
     -7.45390835 
     -7.46076369 
     -7.48352618

     -8.16723866 
     -7.59088815 
     -7.48233706 
     -7.44812577 
     -7.44118111 
     -7.45267520 
     -7.47790902

     -7.69090258 
     -7.50467010 
     -7.45210698 
     -7.43276622 
     -7.43182251 
     -7.44634693 
     -7.47332976


