      0.10000000 
      0.10000000 
      0.10000000 
      0.10000000 
      0.10000000 
      0.10000000 
      0.10000000

      0.10000000 
      0.10000000 
      0.11685965 
      0.18755702 
      0.25825439 
      0.32895175 
      0.39964912

      0.10000000 
      0.13607456 
      0.29405263 
      0.45203070 
      0.61000877 
      0.76798684 
      0.92596491

      0.10000000 
      0.22598684 
      0.47124561 
      0.71650439 
      0.96176316 
      1.20702193 
      1.45228070

      0.10000000 
      0.31589912 
      0.64843860 
      0.98097807 
      1.31351754 
      1.64605702 
      1.97859649

      0.10000000 
      0.40581140 
      0.82563158 
      1.24545175 
      1.66527193 
      2.08509211 
      2.50491228

      0.10000000 
      0.49572368 
      1.00282456 
      1.50992544 
      2.01702632 
      2.52412719 
      3.03122807

      0.10000000 
      0.10000000 
      0.10000000 
      0.10000000 
      0.14100292 
      0.18260673 
      0.22421053

      0.10000000 
      0.10610380 
      0.23498830 
      0.36387281 
      0.49275731 
      0.62164181 
      0.75052632

      0.10000000 
      0.19601608 
      0.41218129 
      0.62834649 
      0.84451170 
      1.06067690 
      1.27684211

      0.10000000 
      0.85537281 
      1.71159649 
      2.56782018 
      3.42404386 
      4.28026754 
      5.13649123


      0.10000000 
      0.38561111 
      0.78582222 
      1.18603333 
      1.58624444 
      1.98645556 
      2.38666667

      0.10000000 
      0.47552339 
      0.96301520 
      1.45050702 
      1.93799883 
      2.42549064 
      2.91298246

      0.10000000 
      0.56543567 
      0.10000000 
      0.10000000 
      0.10000000 
      0.10000000 
      0.10596491

      0.10000000 
      0.10000000 
      0.19517895 
      0.30445439 
      0.41372982 
      0.52300526 
      0.63228070

      0.10000000 
      0.17581579 
      0.37237193 
      0.56892807 
      0.76548421 
      0.96204035 
      1.15859649

      0.10000000 
      0.26572807 
      0.54956491 
      0.83340175 
      1.11723860 
      1.40107544 
      1.68491228

      0.10000000 
      0.35564035 
      0.72675789 
      1.09787544 
      1.46899298 
      1.84011053 
      2.21122807

      0.10000000 
      0.44555263 
      0.90395088 
      1.36234912 
      1.82074737 
      2.27914561 
      2.73754386

      0.10000000 
      0.53546491 
      1.08114386 
      1.62682281 
      2.17250175 
      2.71818070 
      3.26385965

      0.10000000 
      0.62537719 
      1.25833684 
      1.89129649 
      2.52425614 
      3.15721579 
      3.79017544

      0.10000000 
      2.42362281 
      4.80219649 
      7.18077018 
      9.55934386 
     11.93791754 
     14.31649123


      0.10000000 
      0.24552778 
      0.50975556 
      0.77398333 
      1.03821111 
      1.30243889 
      1.56666667

      0.10000000 
      0.33544006 
      0.68694854 
      1.03845702 
      1.38996550 
      1.74147398 
      2.09298246

      0.10000000 
      0.42535234 
      0.86414152 
      1.30293070 
      1.74171988 
      2.18050906 
      2.61929825

      0.10000000 
      0.51526462 
      1.04133450 
      1.56740439 
      2.09347427 
      2.61954415 
      3.14561404

      0.10000000 
      0.10000000 
      0.10000000 
      0.15687807 
      0.21745088 
      0.27802368 
      0.33859649

      0.10000000 
      0.12564474 
      0.27349825 
      0.42135175 
      0.56920526 
      0.71705877 
      0.86491228

      0.10000000 
      0.21555702 
      0.45069123 
      0.68582544 
      0.92095965 
      1.15609386 
      1.39122807

      0.10000000 
      0.30546930 
      0.62788421 
      0.95029912 
      1.27271404 
      1.59512895 
      1.91754386

      0.10000000 
      0.39538158 
      0.80507719 
      1.21477281 
      1.62446842 
      2.03416404 
      2.44385965

      0.10000000 
      2.19362719 
      4.34893684 
      6.50424649 
      8.65955614 
     10.81486579 
     12.97017544

      0.10000000 
      3.99187281 
      7.89279649 
     11.79372018 
     15.69464386 
     19.59556754 
     23.49649123


      0.10000000 
      0.10544444 
      0.23368889 
      0.36193333 
      0.49017778 
      0.61842222 
      0.74666667

      0.10853158 
      0.54149561 
      0.82445965 
      1.10742368 
      1.39038772 
      1.67335175 
      1.95631579

      0.12782982 
      0.10000000 
      1.00165263 
      1.37189737 
      1.74214211 
      2.11238684 
      2.48263158

      0.16379474 
      0.15187573 
      0.10000000 
      1.63637105 
      2.09389649 
      2.55142193 
      3.00894737

      0.21642632 
      0.81123246 
      0.23381637 
      0.22584474 
      0.21787310 
      0.20990146 
      0.20192982

      0.21905789 
      0.90114474 
      1.53323158 
      2.16531842 
      2.79740526 
      0.10000000 
      0.10000000

      0.10000000 
      0.10000000 
      0.17462456 
      0.27377544 
      0.37292632 
      0.47207719 
      0.57122807

      0.10000000 
      0.16538596 
      0.35181754 
      0.53824912 
      0.72468070 
      0.91111228 
      1.09754386

      0.10000000 
      1.96363158 
      3.89567719 
      5.82772281 
      7.75976842 
      9.69181404 
     11.62385965

      0.10000000 
      3.76187719 
      7.43953684 
     11.11719649 
     14.79485614 
     18.47251579 
     22.15017544

      0.13684912 
      5.56012281 
     10.98339649 
     16.40667018 
     21.82994386 
     27.25321754 
     32.67649123


      0.10000000 
      0.53480556 
      1.07984444 
      1.62488333 
      2.16992222 
      2.71496111 
      3.26000000

      0.10000000 
      0.10000000 
      0.13481520 
      0.21435702 
      0.29389883 
      0.37344064 
      0.45298246

      0.10000000 
      0.12915789 
      0.10000000 
      1.56954737 
      2.00501988 
      2.44049240 
      2.87596491

      0.14909474 
      0.21907018 
      0.18904561 
      0.15902105 
      0.12899649 
      0.10000000 
      0.10000000

      0.18505965 
      0.30898246 
      0.36623860 
      0.42349474 
      0.48075088 
      0.53800702 
      0.59526316

      0.20435789 
      0.39889474 
      0.54343158 
      0.68796842 
      0.83250526 
      0.97704211 
      1.12157895

      0.20698947 
      1.05825146 
      1.84284678 
      0.95244211 
      1.18425965 
      1.41607719 
      1.64789474

      0.20962105 
      1.14816374 
      2.02003977 
      2.89191579 
      3.76379181 
      1.85511228 
      2.17421053

      0.21225263 
      1.23807602 
      2.19723275 
      3.15638947 
      4.11554620 
      2.29414737 
      2.70052632

      0.21488421 
      1.32798830 
      2.37442573 
      3.42086316 
      2.23952281 
      2.73318246 
      3.22684211

      0.21751579 
      1.41790058 
      2.55161871 
      2.01033684 
      2.59127719 
      3.17221754 
      3.75315789


      0.10000000 
      0.39472222 
      0.80377778 
      1.21283333 
      1.62188889 
      2.03094444 
      2.44000000

      0.10000000 
      0.48463450 
      0.98097076 
      1.47730702 
      1.97364327 
      2.46997953 
      2.96631579

      0.10000000 
      0.19635234 
      0.14427485 
      0.10000000 
      0.10000000 
      2.76859795 
      3.26929825

      0.10000000 
      0.28626462 
      0.32146784 
      0.35667105 
      0.39187427 
      0.42707749 
      0.46228070

      0.10000000 
      0.37617690 
      0.49866082 
      0.62114474 
      0.74362865 
      0.86611257 
      0.98859649

      0.13965789 
      0.46608918 
      0.67585380 
      0.88561842 
      1.09538304 
      1.30514766 
      1.51491228

      0.14228947 
      0.55600146 
      0.85304678 
      1.15009211 
      1.44713743 
      1.74418275 
      2.04122807

      0.19492105 
      0.10000000 
      1.03023977 
      1.41456579 
      1.79889181 
      2.18321784 
      2.56754386

      0.19755263 
      0.73582602 
      1.20743275 
      1.67903947 
      2.15064620 
      2.62225292 
      3.09385965

      0.20018421 
      1.39518275 
      1.38462573 
      1.94351316 
      2.50240058 
      0.28073246 
      0.28684211

      0.21948246 
      1.48509503 
      1.56181871 
      2.20798684 
      2.85415497 
      3.50032310 
      4.14649123


      0.10000000 
      0.25463889 
      0.52771111 
      0.80078333 
      1.07385556 
      1.34692778 
      1.62000000

      0.10000000 
      0.34455117 
      0.70490409 
      1.06525702 
      1.42560994 
      1.78596287 
      2.14631579

      0.10000000 
      0.26354678 
      0.27669708 
      0.28984737 
      0.30299766 
      0.31614795 
      0.32929825

      0.10000000 
      0.35345906 
      0.45389006 
      0.55432105 
      0.65475205 
      0.75518304 
      0.85561404

      0.10000000 
      0.44337135 
      0.63108304 
      0.81879474 
      1.00650643 
      1.19421813 
      1.38192982

      0.12495789 
      0.53328363 
      0.80827602 
      1.08326842 
      1.35826082 
      1.63325322 
      1.90824561

      0.12758947 
      0.10000000 
      0.98546901 
      1.34774211 
      1.71001520 
      2.07228830 
      2.43456140

      0.16355439 
      0.14366374 
      0.10000000 
      1.61221579 
      2.06176959 
      2.51132339 
      2.96087719

      0.18285263 
      0.80302047 
      0.21763275 
      0.20168947 
      0.18574620 
      0.16980292 
      0.15385965

      0.20215088 
      0.89293275 
      1.51704795 
      0.46616316 
      0.53750058 
      0.60883801 
      0.68017544

      0.20478246 
      1.55228947 
      1.69424094 
      2.40563684 
      3.11703275 
      3.82842865 
      4.53982456


      0.10000000 
      0.11455556 
      0.25164444 
      0.38873333 
      0.52582222 
      0.66291111 
      0.80000000

      0.10000000 
      0.20446784 
      0.42883743 
      0.65320702 
      0.87757661 
      1.10194620 
      1.32631579

      0.10000000 
      0.33074123 
      0.40911930 
      0.48749737 
      0.56587544 
      0.64425351 
      0.72263158

      0.10000000 
      0.42065351 
      0.58631228 
      0.75197105 
      0.91762982 
      1.08328860 
      2.37894737

      0.10000000 
      0.51056579 
      0.76350526 
      1.01644474 
      1.26938421 
      1.52232368 
      1.77526316

      0.11025789 
      0.10000000 
      0.94069825 
      1.28091842 
      1.62113860 
      1.96135877 
      2.30157895

      0.11288947 
      0.12094591 
      1.11789123 
      1.54539211 
      1.97289298 
      2.40039386 
      2.82789474

      0.13218772 
      0.21085819 
      0.17286199 
      0.13486579 
      0.10000000 
      0.10000000 
      0.10000000

      0.16815263 
      0.30077047 
      0.35005497 
      0.39933947 
      0.44862398 
      0.49790848 
      0.54719298

      0.18745088 
      0.39068275 
      0.52724795 
      0.66381316 
      0.80037836 
      0.93694357 
      1.07350877

      0.19008246 
      1.05003947 
      1.82666316 
      2.60328684 
      3.37991053 
      1.37597865 
      1.59982456


      0.10000000 
      0.54391667 
      1.09780000 
      1.65168333 
      2.20556667 
      2.75945000 
      3.31333333

      0.10000000 
      0.10000000 
      0.15277076 
      0.24115702 
      0.32954327 
      0.41792953 
      0.50631579

      0.10000000 
      0.15429678 
      0.32996374 
      0.50563070 
      0.68129766 
      0.85696462 
      1.03263158

      0.10000000 
      0.48784795 
      0.71873450 
      0.94962105 
      1.18050760 
      1.41139415 
      4.89228070

      0.10000000 
      0.10000000 
      0.89592749 
      1.21409474 
      1.53226199 
      1.85042924 
     15.41859649

      0.10000000 
      0.10000000 
      1.07312047 
      1.47856842 
      1.88401637 
      2.28946433 
      2.69491228

      0.10000000 
      0.18814035 
      0.12809123 
      0.10000000 
      0.10000000 
      2.72849942 
      3.22122807

      0.10082105 
      0.27805263 
      0.30528421 
      0.33251579 
      0.35974737 
      0.38697895 
      0.41421053

      0.12011930 
      0.36796491 
      0.48247719 
      0.59698947 
      0.71150175 
      0.82601404 
      0.94052632

      0.15608421 
      0.45787719 
      0.65967018 
      0.86146316 
      1.06325614 
      1.26504912 
      1.46684211

      0.17538246 
      0.54778947 
      0.83686316 
      1.12593684 
      1.41501053 
      1.70408421 
      1.99315789


      0.10000000 
      0.40383333 
      0.82173333 
      1.23963333 
      1.65753333 
      2.07543333 
      2.49333333

      0.10000000 
      0.49374561 
      0.99892632 
      1.50410702 
      2.00928772 
      2.51446842 
      3.01964912

      0.10000000 
      0.58365789 
      1.17611930 
      1.76858070 
      2.36104211 
      2.95350351 
      3.54596491

      0.10000000 
      0.55504240 
      0.85115673 
      1.14727105 
      1.44338538 
      1.73949971 
     14.07228070

      0.10000000 
      0.10000000 
      1.02834971 
      1.41174474 
      1.79513977 
      2.17853480 
     24.59859649

      0.10000000 
      0.16542251 
      0.10000000 
      0.10000000 
      2.14689415 
      2.61756988 
      3.08824561

      0.10000000 
      0.25533480 
      0.26051345 
      0.26569211 
      0.27087076 
      0.27604942 
      0.28122807

      0.10000000 
      0.34524708 
      0.43770643 
      0.53016579 
      0.62262515 
      0.71508450 
      0.80754386

      0.10000000 
      0.43515936 
      0.61489942 
      0.79463947 
      0.97437953 
      1.15411959 
      1.33385965

      0.10000000 
      0.52507164 
      0.79209240 
      1.05911316 
      1.32613392 
      1.59315468 
      1.86017544

      0.14401579 
      0.10000000 
      0.96928538 
      1.32358684 
      1.67788830 
      2.03218977 
      2.38649123


      0.10000000 
      0.26375000 
      0.54566667 
      0.82758333 
      1.10950000 
      1.39141667 
      1.67333333

      0.10000000 
      0.35366228 
      0.72285965 
      1.09205702 
      1.46125439 
      1.83045175 
      2.19964912

      0.10000000 
      2.15190789 
      4.26671930 
      6.38153070 
      8.49634211 
     10.61115351 
     12.72596491

      0.10000000 
      0.10000000 
      0.98357895 
      1.34492105 
      1.70626316 
      2.06760526 
     23.25228070

      0.10000000 
      0.14270468 
      0.10000000 
      1.60939474 
      2.05801754 
      2.50664035 
     33.77859649

      0.10000000 
      0.23261696 
      0.21574269 
      0.19886842 
      0.18199415 
      0.16511988 
      0.14824561

      0.10000000 
      0.32252924 
      0.39293567 
      0.46334211 
      0.53374854 
      0.60415497 
      0.67456140

      0.10000000 
      0.41244152 
      0.57012865 
      0.72781579 
      0.88550292 
      1.04319006 
      1.20087719

      0.10000000 
      0.50235380 
      0.74732164 
      0.99228947 
      1.23725731 
      1.48222515 
      1.72719298

      0.10000000 
      0.10000000 
      0.92451462 
      1.25676316 
      1.58901170 
      1.92126023 
      2.25350877

      0.12931579 
      0.11273392 
      1.10170760 
      1.52123684 
      1.94076608 
      2.36029532 
      2.77982456


