     60.00000000 
     60.00000000 
     60.00000000 
     60.00000000 
     60.00000000 
     60.00000000 
     60.00000000

      0.01000000 
      0.01000000 
      0.01000000 
      0.01000000 
      0.01000000 
      0.01000000 
      0.01000000

      0.01000000 
      0.01000000 
      0.01000000 
      0.01000000 
      0.01000000 
      0.01000000 
      0.01000000

      0.01000000 
      0.01000000 
      0.01000000 
      0.01000000 
      0.01000000 
      0.01000000 
      0.01000000

      0.01000000 
      0.01000000 
      0.01000000 
      0.01000000 
      0.01000000 
      0.01000000 
      0.01000000

      0.01000000 
      0.01000000 
      0.01000000 
      0.01000000 
      0.01000000 
      0.01000000 
      0.01000000

      0.01000000 
      0.01000000 
      0.01000000 
      0.01000000 
      0.01000000 
      0.01000000 
      0.01000000

      0.01000000 
      0.01000000 
      0.01000000 
      0.01000000 
      0.01000000 
      0.01000000 
      0.01000000

      0.01000000 
      0.01000000 
      0.01000000 
      0.01000000 
      0.01000000 
      0.01000000 
      0.01000000

      0.01000000 
      0.01000000 
      0.01000000 
      0.01000000 
      0.01000000 
      0.01000000 
      0.01000000

      0.01000000 
      0.01000000 
      0.01000000 
      0.01000000 
      0.01000000 
      0.01000000 
      0.01000000


      0.01000000 
      0.01000000 
      0.01000000 
      0.01000000 
      0.01000000 
      0.01000000 
      0.01000000

      0.01000000 
      0.01000000 
      0.01000000 
      0.01000000 
      0.01000000 
      0.01000000 
      0.01000000

      0.01000000 
      0.01000000 
      0.01000000 
      0.01000000 
      0.01000000 
      0.01000000 
      0.01000000

      0.01000000 
      0.01000000 
      0.01000000 
      0.01000000 
      0.01000000 
      0.01000000 
      0.01000000

      0.01000000 
      0.01000000 
      0.01000000 
      0.01000000 
      0.01000000 
      0.01000000 
      0.01000000

      0.01000000 
      0.01000000 
      0.01000000 
      0.01000000 
      0.01000000 
      0.01000000 
      0.01000000

      0.01000000 
      0.01000000 
      0.01000000 
      0.01000000 
      0.01000000 
      0.01000000 
      0.01000000

      0.01000000 
      0.01000000 
      0.01000000 
      0.01000000 
      0.01000000 
      0.01000000 
      0.01000000

      0.01000000 
      0.01000000 
      0.01000000 
      0.01000000 
      0.01000000 
      0.01000000 
      0.01000000

      0.01000000 
      0.01000000 
      0.01000000 
      0.01000000 
      0.01000000 
      0.01000000 
      0.01000000

      0.01000000 
      0.01000000 
      0.01000000 
      0.01000000 
      0.01000000 
      0.01000000 
      0.01000000


      0.01000000 
      0.01000000 
      0.01000000 
      0.01000000 
      0.01000000 
      0.01000000 
      0.01000000

      0.01000000 
      0.01000000 
      0.01000000 
      0.01000000 
      0.01000000 
      0.01000000 
      0.01000000

      0.01000000 
      0.01000000 
      0.01000000 
      0.01000000 
      0.01000000 
      0.01000000 
      0.01000000

      0.01000000 
      0.01000000 
      0.01000000 
      0.01000000 
      0.01000000 
      0.01000000 
      0.01000000

      0.01000000 
      0.01000000 
      0.01000000 
      0.01000000 
      0.01000000 
      0.01000000 
      0.01000000

      0.01000000 
      0.01000000 
      0.01000000 
      0.01000000 
      0.01000000 
      0.01000000 
      0.01000000

      0.01000000 
      0.01000000 
      0.01000000 
      0.01000000 
      0.01000000 
      0.01000000 
      0.01000000

      0.01000000 
      0.01000000 
      0.01000000 
      0.01000000 
      0.01000000 
      0.01000000 
      0.01000000

      0.01000000 
      0.01000000 
      0.01000000 
      0.01000000 
      0.01000000 
      0.01000000 
      0.01000000

      0.01000000 
      0.01000000 
      0.01000000 
      0.01000000 
      0.01000000 
      0.01000000 
      0.01000000

      0.01000000 
      0.01000000 
      0.01000000 
      0.01000000 
      0.01000000 
      0.01000000 
      0.01000000


     17.07660000 
      0.01000000 
      0.01000000 
      0.01000000 
      0.01000000 
      0.01000000 
      0.01000000

     17.07660000 
     17.07660000 
     17.07660000 
     17.07660000 
     17.07660000 
     17.07660000 
     17.07660000

     17.07660000 
     17.07660000 
     17.07660000 
     17.07660000 
     17.07660000 
     17.07660000 
     17.07660000

     17.07660000 
     17.07660000 
     17.07660000 
     17.07660000 
     17.07660000 
     17.07660000 
     17.07660000

     17.07660000 
     17.07660000 
     17.07660000 
     17.07660000 
     17.07660000 
     17.07660000 
     17.07660000

     17.07660000 
     17.07660000 
     17.07660000 
     17.07660000 
     17.07660000 
      0.01000000 
      0.01000000

      0.01000000 
      0.01000000 
      0.01000000 
      0.01000000 
      0.01000000 
      0.01000000 
      0.01000000

      0.01000000 
      0.01000000 
      0.01000000 
      0.01000000 
      0.01000000 
      0.01000000 
      0.01000000

      0.01000000 
      0.01000000 
      0.01000000 
      0.01000000 
      0.01000000 
      0.01000000 
      0.01000000

      0.01000000 
      0.01000000 
      0.01000000 
      0.01000000 
      0.01000000 
      0.01000000 
      0.01000000

      0.01000000 
      0.01000000 
      0.01000000 
      0.01000000 
      0.01000000 
      0.01000000 
      0.01000000


     22.76880000 
      0.01000000 
      0.01000000 
      0.01000000 
      0.01000000 
      0.01000000 
      0.01000000

     22.76880000 
     22.76880000 
      0.01000000 
      0.01000000 
      0.01000000 
      0.01000000 
      0.01000000

     22.76880000 
     22.76880000 
     22.76880000 
     22.76880000 
     22.76880000 
     22.76880000 
     22.76880000

     22.76880000 
     22.76880000 
     22.76880000 
     22.76880000 
     22.76880000 
     22.76880000 
     22.76880000

     22.76880000 
     22.76880000 
     22.76880000 
     22.76880000 
     22.76880000 
     22.76880000 
     22.76880000

     22.76880000 
     22.76880000 
     22.76880000 
     22.76880000 
     22.76880000 
     22.76880000 
     22.76880000

     22.76880000 
     22.76880000 
     22.76880000 
     22.76880000 
     22.76880000 
     22.76880000 
     22.76880000

     22.76880000 
     22.76880000 
     22.76880000 
     22.76880000 
     22.76880000 
     22.76880000 
     22.76880000

     22.76880000 
     22.76880000 
     22.76880000 
     22.76880000 
     22.76880000 
     22.76880000 
     22.76880000

     22.76880000 
     22.76880000 
     22.76880000 
     22.76880000 
     22.76880000 
     22.76880000 
     22.76880000

     22.76880000 
     22.76880000 
     22.76880000 
     22.76880000 
     22.76880000 
     22.76880000 
     22.76880000


     28.46100000 
      0.01000000 
      0.01000000 
      0.01000000 
      0.01000000 
      0.01000000 
      0.01000000

     28.46100000 
      0.01000000 
      0.01000000 
      0.01000000 
      0.01000000 
      0.01000000 
      0.01000000

     28.46100000 
     28.46100000 
     28.46100000 
     28.46100000 
     28.46100000 
     28.46100000 
     28.46100000

     28.46100000 
     28.46100000 
     28.46100000 
     28.46100000 
     28.46100000 
     28.46100000 
     28.46100000

     28.46100000 
     28.46100000 
     28.46100000 
     28.46100000 
     28.46100000 
     28.46100000 
     28.46100000

     28.46100000 
     28.46100000 
     28.46100000 
     28.46100000 
     28.46100000 
     28.46100000 
     28.46100000

     28.46100000 
     28.46100000 
     28.46100000 
     28.46100000 
     28.46100000 
     28.46100000 
     28.46100000

     28.46100000 
     28.46100000 
     28.46100000 
     28.46100000 
     28.46100000 
     28.46100000 
     28.46100000

     28.46100000 
     28.46100000 
     28.46100000 
     28.46100000 
     28.46100000 
     28.46100000 
     28.46100000

     28.46100000 
     28.46100000 
     28.46100000 
     28.46100000 
     28.46100000 
     28.46100000 
     28.46100000

     28.46100000 
     28.46100000 
     28.46100000 
     28.46100000 
     28.46100000 
     28.46100000 
     28.46100000


     34.15320000 
      0.01000000 
      0.01000000 
      0.01000000 
      0.01000000 
      0.01000000 
      0.01000000

     34.15320000 
      0.01000000 
      0.01000000 
      0.01000000 
      0.01000000 
      0.01000000 
      0.01000000

     34.15320000 
     34.15320000 
     34.15320000 
     34.15320000 
     34.15320000 
     34.15320000 
     34.15320000

     34.15320000 
     34.15320000 
     34.15320000 
     34.15320000 
     34.15320000 
     34.15320000 
     34.15320000

     34.15320000 
     34.15320000 
     34.15320000 
     34.15320000 
     34.15320000 
     34.15320000 
     34.15320000

     34.15320000 
     34.15320000 
     34.15320000 
     34.15320000 
     34.15320000 
     34.15320000 
     34.15320000

     34.15320000 
     34.15320000 
     34.15320000 
     34.15320000 
     34.15320000 
     34.15320000 
     34.15320000

     34.15320000 
     34.15320000 
     34.15320000 
     34.15320000 
     34.15320000 
     34.15320000 
     34.15320000

     34.15320000 
     34.15320000 
     34.15320000 
     34.15320000 
     34.15320000 
     34.15320000 
     34.15320000

     34.15320000 
     34.15320000 
     34.15320000 
     34.15320000 
     34.15320000 
     34.15320000 
     34.15320000

     34.15320000 
     34.15320000 
     34.15320000 
     34.15320000 
     34.15320000 
     34.15320000 
     34.15320000


     39.84540000 
      0.01000000 
      0.01000000 
      0.01000000 
      0.01000000 
      0.01000000 
      0.01000000

     39.84540000 
      0.01000000 
      0.01000000 
      0.01000000 
      0.01000000 
      0.01000000 
      0.01000000

     39.84540000 
     39.84540000 
     39.84540000 
     39.84540000 
     39.84540000 
     39.84540000 
     39.84540000

     39.84540000 
     39.84540000 
     39.84540000 
     39.84540000 
     39.84540000 
     39.84540000 
      0.01000000

     39.84540000 
     39.84540000 
     39.84540000 
     39.84540000 
     39.84540000 
     39.84540000 
     39.84540000

     39.84540000 
     39.84540000 
     39.84540000 
     39.84540000 
     39.84540000 
     39.84540000 
     39.84540000

     39.84540000 
     39.84540000 
     39.84540000 
     39.84540000 
     39.84540000 
     39.84540000 
     39.84540000

     39.84540000 
     39.84540000 
     39.84540000 
     39.84540000 
     39.84540000 
     39.84540000 
     39.84540000

     39.84540000 
     39.84540000 
     39.84540000 
     39.84540000 
     39.84540000 
     39.84540000 
     39.84540000

     39.84540000 
     39.84540000 
     39.84540000 
     39.84540000 
     39.84540000 
     39.84540000 
     39.84540000

     39.84540000 
     39.84540000 
     39.84540000 
     39.84540000 
     39.84540000 
     39.84540000 
     39.84540000


     45.53760000 
      0.01000000 
      0.01000000 
      0.01000000 
      0.01000000 
      0.01000000 
      0.01000000

     45.53760000 
      0.01000000 
      0.01000000 
      0.01000000 
      0.01000000 
      0.01000000 
      0.01000000

     45.53760000 
      0.01000000 
      0.01000000 
      0.01000000 
      0.01000000 
      0.01000000 
      0.01000000

     45.53760000 
     45.53760000 
     45.53760000 
     45.53760000 
     45.53760000 
     45.53760000 
      0.01000000

     45.53760000 
     45.53760000 
     45.53760000 
     45.53760000 
     45.53760000 
     45.53760000 
      0.01000000

     45.53760000 
     45.53760000 
     45.53760000 
     45.53760000 
     45.53760000 
     45.53760000 
     45.53760000

     45.53760000 
     45.53760000 
     45.53760000 
     45.53760000 
     45.53760000 
     45.53760000 
     45.53760000

     45.53760000 
     45.53760000 
     45.53760000 
     45.53760000 
     45.53760000 
     45.53760000 
     45.53760000

     45.53760000 
     45.53760000 
     45.53760000 
     45.53760000 
     45.53760000 
     45.53760000 
     45.53760000

     45.53760000 
     45.53760000 
     45.53760000 
     45.53760000 
     45.53760000 
     45.53760000 
     45.53760000

     45.53760000 
     45.53760000 
     45.53760000 
     45.53760000 
     45.53760000 
     45.53760000 
     45.53760000


     51.22980000 
      0.01000000 
      0.01000000 
      0.01000000 
      0.01000000 
      0.01000000 
      0.01000000

     51.22980000 
      0.01000000 
      0.01000000 
      0.01000000 
      0.01000000 
      0.01000000 
      0.01000000

     51.22980000 
      0.01000000 
      0.01000000 
      0.01000000 
      0.01000000 
      0.01000000 
      0.01000000

     51.22980000 
     51.22980000 
     51.22980000 
     51.22980000 
     51.22980000 
     51.22980000 
      0.01000000

     51.22980000 
     51.22980000 
     51.22980000 
     51.22980000 
     51.22980000 
     51.22980000 
      0.01000000

     51.22980000 
     51.22980000 
     51.22980000 
     51.22980000 
     51.22980000 
     51.22980000 
     51.22980000

     51.22980000 
     51.22980000 
     51.22980000 
     51.22980000 
     51.22980000 
     51.22980000 
     51.22980000

     51.22980000 
     51.22980000 
     51.22980000 
     51.22980000 
     51.22980000 
     51.22980000 
     51.22980000

     51.22980000 
     51.22980000 
     51.22980000 
     51.22980000 
     51.22980000 
     51.22980000 
     51.22980000

     51.22980000 
     51.22980000 
     51.22980000 
     51.22980000 
     51.22980000 
     51.22980000 
     51.22980000

     51.22980000 
     51.22980000 
     51.22980000 
     51.22980000 
     51.22980000 
     51.22980000 
     51.22980000


     56.92200000 
      0.01000000 
      0.01000000 
      0.01000000 
      0.01000000 
      0.01000000 
      0.01000000

     56.92200000 
      0.01000000 
      0.01000000 
      0.01000000 
      0.01000000 
      0.01000000 
      0.01000000

     56.92200000 
      0.01000000 
      0.01000000 
      0.01000000 
      0.01000000 
      0.01000000 
      0.01000000

     56.92200000 
     56.92200000 
     56.92200000 
     56.92200000 
     56.92200000 
     56.92200000 
      0.01000000

     56.92200000 
     56.92200000 
     56.92200000 
     56.92200000 
     56.92200000 
     56.92200000 
      0.01000000

     56.92200000 
     56.92200000 
     56.92200000 
     56.92200000 
     56.92200000 
     56.92200000 
     56.92200000

     56.92200000 
     56.92200000 
     56.92200000 
     56.92200000 
     56.92200000 
     56.92200000 
     56.92200000

     56.92200000 
     56.92200000 
     56.92200000 
     56.92200000 
     56.92200000 
     56.92200000 
     56.92200000

     56.92200000 
     56.92200000 
     56.92200000 
     56.92200000 
     56.92200000 
     56.92200000 
     56.92200000

     56.92200000 
     56.92200000 
     56.92200000 
     56.92200000 
     56.92200000 
     56.92200000 
     56.92200000

     56.92200000 
     56.92200000 
     56.92200000 
     56.92200000 
     56.92200000 
     56.92200000 
     56.92200000


