 asset state grid
      0.00000000 
     15.00000000 
     30.00000000 
     45.00000000 
     60.00000000 
     75.00000000 
     90.00000000 
    105.00000000 
    120.00000000 
    135.00000000 
    150.00000000 
    165.00000000 
    180.00000000 
    195.00000000 
    210.00000000 
    225.00000000 
    240.00000000 
    255.00000000 
    270.00000000 
    285.00000000 
    300.00000000 
 
 asset policy grid
      0.00000000 
      6.00000000 
     12.00000000 
     18.00000000 
     24.00000000 
     30.00000000 
     36.00000000 
     42.00000000 
     48.00000000 
     54.00000000 
     60.00000000 
     66.00000000 
     72.00000000 
     78.00000000 
     84.00000000 
     90.00000000 
     96.00000000 
    102.00000000 
    108.00000000 
    114.00000000 
    120.00000000 
    126.00000000 
    132.00000000 
    138.00000000 
    144.00000000 
    150.00000000 
    156.00000000 
    162.00000000 
    168.00000000 
    174.00000000 
    180.00000000 
    186.00000000 
    192.00000000 
    198.00000000 
    204.00000000 
    210.00000000 
    216.00000000 
    222.00000000 
    228.00000000 
    234.00000000 
    240.00000000 
    246.00000000 
    252.00000000 
    258.00000000 
    264.00000000 
    270.00000000 
    276.00000000 
    282.00000000 
    288.00000000 
    294.00000000 
    300.00000000 
 
 durable state grid
      0.10000000 
      5.09500000 
     10.09000000 
     15.08500000 
     20.08000000 
     25.07500000 
     30.07000000 
     35.06500000 
     40.06000000 
     45.05500000 
     50.05000000 
     55.04500000 
     60.04000000 
     65.03500000 
     70.03000000 
     75.02500000 
     80.02000000 
     85.01500000 
     90.01000000 
     95.00500000 
    100.00000000 
 
 durable policy grid
      0.09800000 
      0.10000000 
      0.10800000 
      4.99310000 
      5.09500000 
      9.88820000 
     10.09000000 
     12.59325000 
     14.78330000 
     15.08500000 
     19.67840000 
     20.08000000 
     24.57350000 
     25.07500000 
     25.07850000 
     29.46860000 
     30.07000000 
     34.36370000 
     35.06500000 
     37.56375000 
     39.25880000 
     40.06000000 
     44.15390000 
     45.05500000 
     49.04900000 
     50.04900000 
     50.05000000 
     53.94410000 
     55.04500000 
     58.83920000 
     60.04000000 
     62.53425000 
     63.73430000 
     65.03500000 
     68.62940000 
     70.03000000 
     73.52450000 
     75.01950000 
     75.02500000 
     78.41960000 
     80.02000000 
     83.31470000 
     85.01500000 
     87.50475000 
     88.20980000 
     90.01000000 
     93.10490000 
     95.00500000 
     98.00000000 
     99.99000000 
    100.00000000 
 
 exchange rate grid
55811286534158.28906250 
78104161270439.90625000 
109301547887187.81250000 
152960203095565.59375000 
214057569936564.96875000 
299559246914180.43750000 
419213123078916.25000000 
586660716942996.87500000 
820992420934503.87500000 
1148923961952245.25000000 
1607842212289267.25000000 
 
 transition matrix
      1.00000000      1.00000000      1.00000000      1.00000000      1.00000000      1.00000000      1.00000000      1.00000000      1.00000000      1.00000000      1.00000000
      0.00000000      0.00000000      0.00000000      0.00000000      0.00000000      0.00000000      0.00000000      0.00000000      0.00000000      0.00000000      0.00000000
      0.00000000      0.00000000      0.00000000      0.00000000      0.00000000      0.00000000      0.00000000      0.00000000      0.00000000      0.00000000      0.00000000
      0.00000000      0.00000000      0.00000000      0.00000000      0.00000000      0.00000000      0.00000000      0.00000000      0.00000000      0.00000000      0.00000000
      0.00000000      0.00000000      0.00000000      0.00000000      0.00000000      0.00000000      0.00000000      0.00000000      0.00000000      0.00000000      0.00000000
      0.00000000      0.00000000      0.00000000      0.00000000      0.00000000      0.00000000      0.00000000      0.00000000      0.00000000      0.00000000      0.00000000
      0.00000000      0.00000000      0.00000000      0.00000000      0.00000000      0.00000000      0.00000000      0.00000000      0.00000000      0.00000000      0.00000000
      0.00000000      0.00000000      0.00000000      0.00000000      0.00000000      0.00000000      0.00000000      0.00000000      0.00000000      0.00000000      0.00000000
      0.00000000      0.00000000      0.00000000      0.00000000      0.00000000      0.00000000      0.00000000      0.00000000      0.00000000      0.00000000      0.00000000
      0.00000000      0.00000000      0.00000000      0.00000000      0.00000000      0.00000000      0.00000000      0.00000000      0.00000000      0.00000000      0.00000000
      0.00000000      0.00000000      0.00000000      0.00000000      0.00000000      0.00000000      0.00000000      0.00000000      0.00000000      0.00000000      0.00000000
