-11690132677.25707245 
-11690132603.23394585 
-11690132205.27935028 
-11690130601.21768570 
-11690125442.49738693 
-11690111381.91007614 
-11690077423.15037727

-11690132677.25707245 
-11099829407.84441757 
-11083317922.72294617 
-11034997828.56134415 
-10941795200.19199753 
-10822431697.64047241 
-10718391361.79046249

-11103537604.70318413 
-10542170438.42086983 
-10522507732.28652954 
-10464924957.14463806 
-10353674866.18777466 
-10210599636.22291374 
-10084357645.65375519

-10546585105.61354446 
-10119643326.02183342 
-10103743052.80011177 
-10057170622.86629868 
-9967156992.53824043 
-9851275956.98018646 
-9748729219.98972511

-10123212731.22357559 
-9610763964.82092667 
-9592838227.92747688 
-9540341986.32056046 
-9438918175.59705353 
-9308477195.20763016 
-9193375292.87777138

-9614788445.31239700 
-9014326510.49880219 
-8994312176.43851662 
-8935708149.63722038 
-8822521748.59823990 
-8677076773.48706055 
-8549050262.50497818

-9018820881.61936951 
-8562277703.12852669 
-8546307511.35180664 
-8499537674.52877140 
-8409174078.93304443 
-8292942783.68395710 
-8190336548.18106174

-8565863092.61861420 
-8030907256.33042717 
-8013072462.73946953 
-7960850235.81528091 
-7859989876.87903500 
-7730385924.77228546 
-7616309383.56495857

-8034911650.08184910 
-7628169952.79756832 
-7613922362.01687908 
-7572197671.58665752 
-7491584525.12156582 
-7387907468.59605885 
-7296420592.83155155

-7631368599.85457802 
-7153829036.00632381 
-7136372857.55507278 
-7085250528.88442612 
-6986475812.06581211 
-6859424268.62842274 
-6747268604.03618240

-7157748012.50313950 
-6573461098.44501305 
-6555418606.12826633 
-6502592937.36993217 
-6400587991.13719940 
-6269582081.23683071 
-6154446834.21115589

-6577512389.03743553 
-6165759762.54665661 
-6150678309.41367149 
-6106501371.52296352 
-6021104997.34717560 
-5911126316.99328709 
-5813696390.07129288

-6169145249.59631824 
-5663601901.35549641 
-5643642880.65902901 
-5585200470.77997112 
-5472325743.19020557 
-5327280586.97166348 
-5199605510.38943958

-5668083134.32846260 
-5000432513.04347992 
-4982454131.28247929 
-4929814596.36448669 
-4828161901.82085514 
-4697584554.96615314 
-4582764398.92247677

-5004469585.32722664 
-4593926574.53780365 
-4577666031.51687813 
-4530032639.17021179 
-4437941211.71788883 
-4319285886.50135612 
-4213993564.84368467

-4597576662.12253571 
-4053139349.50172520 
-4033723099.49804592 
-3975335505.19124746 
-3857048982.60038090 
-3692169775.57033253 
-3528074794.54596901

-4057436148.47762775 
-3524603772.97266865 
-3186708012.77706337 
-3143377059.01429892 
-3057670975.94186258 
-2942660329.61374044 
-2833627290.69571733

-3204578475.66626978 
-2823687208.94579935 
-2805831034.28745699 
-2753578670.88823748 
-2652804181.86099148 
-2523786463.50788260 
-2411442346.56586027

-2827697468.71997595 
-2230527949.13272715 
-2219024228.52347517 
-2185383446.72739935 
-2120602943.43248177 
-2037995392.81672335 
-1966903724.29552054

-2233112540.57370663 
-1970459905.52717161 
-1964704595.00038147 
-1947864276.45773864 
-1915391994.77346873 
-1873839112.96538973 
-1837707215.46342969

-1971752580.38411164 
-1871942495.12533617 
-1868459879.83256507 
-1858260917.50705886 
-1838556388.62028074 
-1813214675.56381679 
-1790853623.95698047


-11690132677.25707245 
-11099829421.27124405 
-11083317928.41356087 
-11034997832.25511169 
-10941795202.95685196 
-10822431699.86396027 
-10718391363.65761375

-11103537829.52475548 
-10764656145.59791374 
-10744609671.66141510 
-10685920108.17736626 
-10572607601.88313484 
-10427130488.73233986 
-10299408531.46101189

-10769157269.99087524 
-10119643329.76756287 
-10103743054.61774445 
-10057170624.09285355 
-9967156993.47343445 
-9851275957.74041748 
-9748729220.63265228

-10123212804.02950478 
-9610764006.65467644 
-9592838241.47370338 
-9540341994.59343147 
-9438918181.62394333 
-9308477199.98073196 
-9193375296.84661865

-9614788968.70779228 
-9224023669.99073029 
-9203618296.53022003 
-9143868998.26775169 
-9028470558.05106735 
-8880183648.01612854 
-8749658005.00342751

-9228605066.25121689 
-8562277708.72252178 
-8546307513.98224258 
-8499537676.28697681 
-8409174080.26743984 
-8292942784.76576519 
-8190336549.09430885

-8565863197.62890244 
-8217728797.54835606 
-8199549488.40970135 
-7960850353.36993790 
-7859989929.27706432 
-7730385959.12753487 
-7616309409.35030365

-8221810380.92089367 
-7628169955.14157581 
-7613922363.18713665 
-7572197672.38338566 
-7491584525.73166656 
-7387907469.09328938 
-7296420593.25277138

-7631368646.87539768 
-7153829045.48889923 
-7136372861.77367592 
-7085250531.65927219 
-6986475814.15575409 
-6859424270.31519985 
-6747268605.45596313

-7157748179.96027184 
-6793382724.91017151 
-6772930547.09636211 
-6713060949.08225727 
-6597504421.73059654 
-6449259389.11468792 
-6319395833.43564415

-6797975215.64008522 
-6165759765.70547295 
-6150678310.96383858 
-6106501372.57267284 
-6021104998.14888763 
-5911126317.64566135 
-5813696390.62336922

-6169145311.76458359 
-5663601922.49282455 
-5643642888.90200806 
-5585200476.01892853 
-5472325747.07408142 
-5327280590.07787514 
-5199605512.98853493

-5668083457.52244282 
-5251663002.27567196 
-5230100672.66529274 
-5166995758.67729855 
-5045258565.28148746 
-4889295361.15787125 
-4753208684.39075470

-5256505303.50839043 
-4593926579.06223583 
-4577666033.68214321 
-4530032640.62517357 
-4437941212.82495880 
-4319285887.40021801 
-4213993565.60324240

-4597576748.72393322 
-4053139618.85441542 
-4033723129.73152304 
-3975335521.69494867 
-3857048994.10666227 
-3692169784.47137308 
-3528074801.83971453

-4057437267.04029560 
-3524603775.02604532 
-3507471963.99374962 
-3455757607.09337378 
-3350291230.80222797 
-3201670265.74810362 
-3051374715.14289808

-3528387020.25641203 
-2823687216.07698107 
-2805831037.56386137 
-2753578673.06330109 
-2652804183.50637197 
-2523786464.83925152 
-2411442347.68836689

-2827697599.20275402 
-2455111782.23565340 
-2438929340.05759096 
-2391611703.88116693 
-2300518017.39011860 
-2184434636.36927891 
-2084735964.12520862

-2458747452.99880648 
-1970459908.23133087 
-1964704596.33986235 
-1947864277.36742210 
-1915391995.46922398 
-1873839113.53202081 
-1837707215.94321227

-1971752634.15772128 
-1871942495.39546824 
-1868459879.97674537 
-1858260917.60736752 
-1838556388.69792056 
-1813214675.62749863 
-1790853624.01115727

-1872724382.33036876 
-1871942494.25618291 
-1868459879.36441708 
-1858260917.18036819 
-1838556388.36703372 
-1813214675.35590696 
-1790853623.77999592


-11104580595.47384071 
-10764656148.97006989 
-10744609673.30937386 
-10685920109.29184914 
-10572607602.73377991 
-10427130489.42427444 
-10299408532.04642105

-10769157336.05093956 
-10119643356.34720230 
-10103743064.44761276 
-10057170630.26373482 
-9967156998.02304268 
-9851275961.36771393 
-9748729223.66166115

-10123213187.71321487 
-9772062997.74112129 
-9755323689.64723206 
-9706298007.30105782 
-9611561914.84142303 
-9489664331.85323524 
-9381954021.03669548

-9775820910.55307007 
-9224023674.89540672 
-9203618298.86242867 
-9143868999.83185196 
-9028470559.24006271 
-8880183648.98097420 
-8749658005.81844711

-9228605159.46591568 
-8788302058.96776199 
-8546307567.63906002 
-8499537701.73585224 
-8409174097.21842670 
-8292942797.58473778 
-8190336559.45696068

-8565865069.01444149 
-8217728799.70945644 
-8199549489.49317837 
-8146318234.32871723 
-8043507786.06865120 
-7911392986.51588917 
-7795092573.55994511

-8221810424.47506523 
-7628169963.07539845 
-7613922366.79110241 
-7572197674.76804352 
-7491584527.53277779 
-7387907470.54933453 
-7296420594.47965717

-7631368790.23611164 
-7320786479.15186596 
-7304571219.33196068 
-7257077872.56490517 
-7165291832.11633492 
-7047153884.01341629 
-6942673555.48239422

-7324426640.87100220 
-6793382727.78088570 
-6772930548.51339340 
-6713060950.04355812 
-6597504422.46543980 
-6449259389.71296310 
-6319395833.94211483

-6797975272.50525284 
-6165759781.50545216 
-6150678317.48241901 
-6106501376.77416801 
-6021105001.28357697 
-5911126320.16185474 
-5813696392.73374939

-6169145568.64619446 
-5854484320.61474037 
-5836788831.89209366 
-5784943220.22952271 
-5684671637.26262188 
-5555367132.73113441 
-5440388630.28156185

-5858456173.79438210 
-5251663006.30172157 
-5230100674.60898495 
-5166995759.98686218 
-5045258566.27921200 
-4889295361.96856976 
-4753208685.07615852

-5256505381.32077599 
-4593926643.01893139 
-4577666051.24278164 
-4530032651.04999161 
-4437941220.33046722 
-4319285893.30597401 
-4213993570.49384212

-4597577420.03776264 
-4258388784.02080250 
-4239210187.15606737 
-4182532815.15928316 
-4071186453.50057220 
-3923659329.73240185 
-3787027433.77742243

-4262673583.59468937 
-3524603781.15743732 
-3507471966.85291529 
-3455757608.99973249 
-3350291232.24734497 
-3201670266.91885614 
-3051374716.13077641

-3528387134.29806757 
-2967678787.55264425 
-2952827609.89740992 
-2909317375.99470425 
-2825175268.76718664 
-2716699044.16743279 
-2411443381.22241783

-2971012288.93165207 
-2455111784.71244097 
-2438929341.29048681 
-2391611704.71975756 
-2300518018.03198385 
-2184434636.89225531 
-2084735964.56815886

-2458747502.52027607 
-1970459919.01124525 
-1964704601.05677676 
-1947864280.45574546 
-1915391997.79022455 
-1873839115.40292168 
-1837707217.51667428

-1971752821.08762407 
-1871942495.75804329 
-1868459880.16926050 
-1858260917.74107170 
-1838556388.80131960 
-1813214675.71226525 
-1790853624.08324671

-1872724390.11947298 
-1871942494.33051610 
-1868459879.40470290 
-1858260917.20853925 
-1838556388.38889408 
-1813214675.37386513 
-1790853623.79528904

-1872724359.15470123 
-1871942493.92882681 
-1868459879.18646955 
-1858260917.05580735 
-1838556388.27032638 
-1813214675.27643895 
-1790853623.71230626


-4723718005.51738453 
-10330906872.09611130 
-10313125388.31783104 
-10261047787.26972008 
-10160415927.31717110 
-10030937794.95706367 
-9916543431.44117737

-4723718004.79636478 
-4778711238.64494038 
-5163827727.63759232 
-6181922326.52666569 
-8132710982.48592377 
-9489664332.71986008 
-9381954021.76914406

-4723718004.27477074 
-4724245845.59309006 
-4726806137.24988842 
-4737384949.05567169 
-4771283417.45912647 
-4858449982.06797218 
-5044199345.90241814

-4723718003.87892723 
-4723721489.05794334 
-4723737703.34567547 
-4723858164.16625118 
-4724202936.53176403 
-4725151806.96864128 
-4727498438.48782635

-4723718003.52766609 
-4723718033.30102444 
-4723718176.82855797 
-4723718778.80671215 
-4723720890.51396084 
-4723727435.06071472 
-4723745396.32615089

-4723718003.21618938 
-4723718002.31211853 
-4723718003.40477562 
-4723718008.41955376 
-4723718020.19662094 
-4723718052.72478485 
-4723718134.87103462

-4723718002.93499756 
-4723718001.49410439 
-4723718001.43417740 
-4723718001.15725327 
-4723718000.88608360 
-4723718000.80418968 
-4723718001.25866699

-4723718002.66860294 
-4723718000.96547604 
-4723718000.69253635 
-4723718000.44881153 
-4723718000.10707092 
-4723717999.65979958 
-4723717999.26683903

-4723718002.39740372 
-4723718000.67449093 
-4723718000.38678360 
-4723718000.11783409 
-4723717999.69698715 
-4723717999.19364643 
-4723717998.73569393

-4723718002.13742065 
-4723718000.40781784 
-4723718000.11737633 
-4723717999.81915569 
-4723717999.39816570 
-4723717998.88201714 
-4723717998.38860226

-4723718001.87606144 
-4723718000.13644218 
-4723717999.84441948 
-4723717999.56021309 
-4723717999.12785053 
-4723717998.60068417 
-4723717998.11198330

-4723718001.62133980 
-4723717999.87588978 
-4723717999.58502960 
-4692633418.08623791 
-4611065226.56594086 
-4505873739.35914040 
-4412320105.58495808

-4723718001.36622715 
-4258388789.35898304 
-4239210189.67647600 
-4182532816.84600115 
-4071186454.78146362 
-3923659330.77119112 
-3787027434.65455294

-4262673684.25582409 
-3847889903.14977264 
-3507472185.10931969 
-3455757661.31840181 
-3350291262.85710859 
-3201670288.80692720 
-3051374733.27974796

-3528392421.58525038 
-2967678789.83052063 
-2952827611.03635836 
-2909317376.77048349 
-2825175269.36138487 
-2716699044.65176916 
-2620316487.11536169

-2971012334.70205164 
-2455111793.60566854 
-2438929345.27781773 
-2391611707.34825087 
-2300518020.01375294 
-2184434638.49269390 
-2084735965.91580153

-2458747660.92077255 
-2068977312.92875099 
-2060949308.60333967 
-2037467634.32789230 
-1992227600.09344077 
-1934463549.68506408 
-1884560806.39062285

-2070780721.08889937 
-1871942496.27233648 
-1868459880.44033384 
-1858260917.92887926 
-1838556388.94638324 
-1813214675.83110261 
-1790853624.18426228

-1872724401.07777452 
-1871942494.41619730 
-1868459879.45108223 
-1858260917.24095821 
-1838556388.41404581 
-1813214675.39452410 
-1790853623.81288123

-1872724361.03538227 
-1871942493.96367764 
-1868459879.20545483 
-1858260917.06910634 
-1838556388.28065538 
-1813214675.28492856 
-1790853623.71953869

-1872724351.07199621 
-1871942493.75451684 
-1868459879.09137011 
-1858260916.98915696 
-1838556388.21854806 
-1813214675.23387504 
-1790853623.67604208


-2253154226.43560457 
-9772063052.16202927 
-9755323706.93192863 
-9706298017.87693214 
-9611561922.55874062 
-9489664337.97217941 
-9381954026.12885666

-2253154225.18557072 
-2344370700.17306900 
-2693263959.21850252 
-9342105491.69394112 
-9233694366.36727715 
-9094330421.24096298 
-8971516648.62714767

-2253154224.37265968 
-2253976106.62629843 
-2346109066.58188295 
-2569738009.28546190 
-3045753688.20707846 
-3841527849.16227961 
-5053920000.49112988

-2253154223.79938602 
-2253197804.04954767 
-2253519625.06138134 
-2255342867.52243519 
-2262678238.14782810 
-2284352356.32351923 
-2334078466.20208216

-2253154223.37218332 
-2253154643.90789557 
-2253229785.37537336 
-2253603676.79761124 
-2255104824.08777189 
-2259548639.55531502 
-2269804213.31130123

-2253154223.00922680 
-2253154257.03313828 
-2253154530.13637304 
-2253156214.91711330 
-2253163878.83256531 
-2253191018.54472971 
-2253270660.23394775

-2253154222.69535303 
-2253154223.62343645 
-2253154226.22083807 
-2253154235.72285843 
-2253154270.34225845 
-2253161718.51509094 
-2253177944.70001507

-2253154222.40411043 
-2253154221.18822765 
-2253154221.21022749 
-2253154221.10971832 
-2253154221.38509083 
-2253154222.93197823 
-2253154232.58949471

-2253154222.12350416 
-2253154220.53922892 
-2253154220.31278610 
-2253154220.18150616 
-2253154219.96629572 
-2253154219.98124599 
-2253154219.99337292

-2253154221.85772943 
-2253154220.22889900 
-2253154219.94453907 
-2253154219.69774818 
-2253154219.32395506 
-2253154218.89061260 
-2253154218.47448540

-2253154221.59110165 
-2253154219.94099569 
-2253154219.65986395 
-2253154219.37717009 
-2253154218.98069668 
-2253154218.49952602 
-2253154218.03375530

-2253154221.33096361 
-2253154219.67292118 
-2253154219.38650703 
-2253154219.11327648 
-2253154218.69839430 
-2253154218.19434309 
-2253154217.72771835

-2253154221.07078695 
-2253154219.40545321 
-2253154219.12343454 
-2253154218.84021139 
-2253154218.43618107 
-2253154217.92971468 
-2253154217.45291328

-2253154220.81599617 
-2253154219.14874077 
-2253154218.86335516 
-2253154218.58016491 
-2253154218.16732550 
-2253154217.66187477 
-2253154217.19246006

-2253154220.56135464 
-2253154218.88501120 
-2253154218.60238647 
-2253154218.32482529 
-2253154217.91397476 
-2253154217.40100956 
-2202568205.67644691

-2253154220.31172466 
-2068977315.70898366 
-2060949309.97829580 
-2037467635.26119924 
-1992227600.80708885 
-1934463550.26618290 
-1884560806.88262510

-2070780776.27696323 
-1871942497.06354570 
-1868459880.85273385 
-1858260918.21355724 
-1838556389.16587019 
-1813214676.01071215 
-1790853624.33682609

-1872724417.72807693 
-1871942494.51611519 
-1868459879.50509071 
-1858260917.27869177 
-1838556388.44331384 
-1813214675.41856098 
-1790853623.83334756

-1872724363.22507000 
-1871942494.00195265 
-1868459879.22629452 
-1858260917.08370185 
-1838556388.29199028 
-1813214675.29424429 
-1790853623.72747469

-1872724351.91761923 
-1871942493.77485991 
-1868459879.10248089 
-1858260916.99694681 
-1838556388.22460079 
-1813214675.23885107 
-1790853623.68028212

-1872724346.89276075 
-1871942493.64543843 
-1868459879.03174090 
-1858260916.94733787 
-1838556388.18604922 
-1813214675.20715427 
-1790853623.65327287


-1200278450.79528332 
-9417393820.64340973 
-9398228263.75346375 
-9342105493.31365585 
-9233694367.59797096 
-9094330422.23937225 
-8971516649.47036362

-1200278448.49200630 
-9014326416.76149559 
-8770309918.05692673 
-8717622940.86343765 
-8615847931.86301613 
-8485009791.89970589 
-8369693415.93354702

-1200278446.68019295 
-1287166181.73637223 
-1629976296.51983452 
-2624251073.71569729 
-4530874624.81606770 
-6936930808.46567154 
-7992714560.92054844

-1200278445.48090339 
-1235129631.53888679 
-1368817169.60645485 
-1761226046.83513069 
-2523714545.21207237 
-3519820607.39994431 
-4439306713.55604458

-1200278444.63193274 
-1200735646.24018455 
-1202784159.21675634 
-1210499130.77415371 
-1233004856.40136981 
-1286995993.58503819 
-1493020711.42743683

-1200278444.04047680 
-1200283183.12543964 
-1201062726.54513478 
-1203472806.99607348 
-1210494901.09311581 
-1227350213.04629993 
-1262258934.84775233

-1200278443.60348082 
-1200279667.25758696 
-1200286140.39748216 
-1200315628.68552351 
-1200420907.61379695 
-1200725510.13015747 
-1201471240.10934782

-1200278443.25876975 
-1200278457.52915525 
-1200278522.65505528 
-1200286073.18958592 
-1200312730.75258231 
-1200396444.13724875 
-1200607598.63343000

-1200278442.94288421 
-1200278445.06444120 
-1200278458.20032215 
-1200278517.29422665 
-1200278740.22837949 
-1200279489.74282265 
-1200281720.79237485

-1200278442.64736176 
-1200278441.38304830 
-1200278441.83483267 
-1200278443.21184874 
-1200278444.80941510 
-1200278449.60892463 
-1200278462.49364114

-1200278442.36528111 
-1200278440.87756753 
-1200278440.71531320 
-1200278440.77177763 
-1200278440.78549671 
-1200278441.48777127 
-1200278443.98945379

-1200278442.09698415 
-1200278440.53644443 
-1200278440.25976849 
-1200278440.01300836 
-1200278439.70438671 
-1200278439.32194543 
-1200278439.06803083

-1200278441.83124113 
-1200278440.24508786 
-1200278439.96124482 
-1200278439.70533204 
-1200278439.31920481 
-1200278438.86189771 
-1200278438.45950675

-1200278441.56881428 
-1200278439.97021818 
-1200278439.69313550 
-1200278439.41876912 
-1200278439.03196502 
-1200278438.54814553 
-1200278438.09083581

-1200278441.30942440 
-1200278439.70771909 
-1200278439.42615819 
-1200278439.15324903 
-1200278438.75408864 
-1200278438.26667643 
-1200278437.81393385

-1200278441.05247903 
-1200278439.44071603 
-1200278439.16215205 
-1200278438.89164257 
-1200278438.49708462 
-1200278438.00080872 
-1200278437.54071879

-1200278440.79841900 
-1200278439.18334675 
-1200278438.90961933 
-1200278438.62905717 
-1200278438.23247480 
-1200278437.74499679 
-1200278437.28675938

-1200278440.54678416 
-1200278438.92557573 
-1200278438.64731121 
-1200278438.37969303 
-1200278437.97398472 
-1200278437.47978640 
-1200278437.02114320

-1200278440.29790688 
-1200278438.67025828 
-1200278438.39552331 
-1200278438.12045383 
-1200278437.72642446 
-1200278437.22895551 
-1200278436.76401114

-1200278440.05142212 
-1200278438.42294860 
-1200278438.14607453 
-1200278437.86969495 
-1200278437.46760798 
-1200278436.97466874 
-1200278436.51686502

-1200278439.80757046 
-1200278438.17010522 
-1200278437.89514041 
-1200278437.62560844 
-1200278437.22263312 
-1200278436.72295809 
-1200278436.25986528


-693404135.68136382 
-9014326418.80833626 
-8994312153.77581978 
-8935708136.28773880 
-8822521739.00671959 
-8677076765.94587898 
-8549050256.26238632

-693404131.54266572 
-8390003258.78849697 
-8372928503.82000828 
-8322927956.68659687 
-8226340934.20973778 
-8102167886.48310184 
-7992714562.03692818

-693404128.89946330 
-784620605.82239175 
-1133513856.19467211 
-2151608454.24636889 
-4102397108.54352713 
-6557918226.99121666 
-7616309382.20169830

-693404127.30297887 
-730475127.98144114 
-1046557564.04599452 
-1864303167.48566699 
-3434438010.07382250 
-5421570279.69056034 
-7092890922.43311977

-693404125.99292994 
-694173304.59474719 
-697708191.19060218 
-711444605.27485621 
-752882217.54927909 
-854874029.25179660 
-1067763196.55041099

-693404125.14915252 
-693593854.62012362 
-694539014.25704479 
-703510850.40681779 
-729456737.86085653 
-797400146.88554049 
-943445786.06267488

-693404124.56294942 
-693407416.29615176 
-693436705.91515708 
-693544181.37971103 
-693892371.56734562 
-694865904.46914077 
-697300898.81770837

-693404124.13067555 
-693404963.21420717 
-693409064.84637964 
-693427109.45125043 
-693494696.42445529 
-693717724.47911680 
-694356723.41209638

-693404123.77956283 
-693404140.85968161 
-693404253.95257044 
-693404902.27597713 
-693407037.34130836 
-693413239.24118769 
-693428938.60952663

-693404123.45098972 
-693404126.59721315 
-693404143.15892220 
-693404211.35425115 
-693404436.02201581 
-693405080.13045967 
-693406769.05201340

-693404123.14249325 
-693404121.99799860 
-693404122.47459924 
-693404125.02226126 
-693404131.59069026 
-693404146.74330878 
-693404186.11468732

-693404122.86357164 
-693404121.48726439 
-693404121.36567986 
-693404121.64653575 
-693404122.21338034 
-693404124.33757889 
-693404130.16589212

-693404122.58977568 
-693404121.09939408 
-693404120.81693983 
-693404120.58933437 
-693404120.34078741 
-693404120.05960226 
-693404120.02723575

-693404122.31763136 
-693404120.79037893 
-693404120.51678538 
-693404120.27423501 
-693404119.91403973 
-693404119.50024247 
-693404119.16218245

-693404122.05263472 
-693404120.51186359 
-693404120.23882866 
-693404119.97128224 
-693404119.59832835 
-693404119.13673234 
-693404118.69575846

-693404121.78645015 
-693404120.24299681 
-693404119.96430290 
-693404119.69937778 
-693404119.31177092 
-693404118.84029388 
-693404118.40301502

-693404121.52736330 
-693404119.97098434 
-693404119.69643760 
-693404119.43152630 
-693404119.05181932 
-693404118.56974483 
-693404118.12266314

-693404121.26678228 
-693404119.70809805 
-693404119.43704760 
-693404119.16362572 
-693404118.77820528 
-693404118.30546868 
-693404117.86481977

-693404121.01310956 
-693404119.44593406 
-693404119.17128801 
-693404118.91122508 
-693404118.51632965 
-693404118.03590167 
-693404117.58975613

-693404120.75796163 
-693404119.18529499 
-693404118.91427767 
-693404118.64454973 
-693404118.26146829 
-693404117.78315759 
-693404117.33031332

-693404120.50953507 
-693404118.93399405 
-693404118.66042793 
-693404118.39104152 
-693404117.99931574 
-693404117.52020776 
-693404117.07491529


-598576050.14113414 
-8562277701.43061256 
-8546307510.49829769 
-8499537673.94643879 
-8409174078.48664761 
-8292942783.31991768 
-7992714822.53186321

-598576044.02135277 
-8030907250.50987720 
-8013072460.05446434 
-7960850234.03093433 
-7859989875.52856636 
-7730385923.67924118 
-7616309382.64322281

-598576040.29609931 
-689792519.67435455 
-1038685770.08719265 
-2056780367.80912066 
-4007569021.41434097 
-6463090138.98333073 
-7119547076.22548866

-598576037.60605586 
-671744628.02367425 
-951732567.62374377 
-2056780363.30522394 
-4007569017.78257513 
-6463090136.45946026 
-6747268603.63952827

-598576036.09260547 
-599434443.83131981 
-603919754.38985598 
-620310520.11641610 
-667931863.75074303 
-781716821.99007058 
-1015719703.71609282

-598576035.16251183 
-599122247.43287718 
-601644507.31659436 
-611558778.02516556 
-642178010.49739015 
-720370250.80755079 
-890480903.82748294

-598576034.52984583 
-598583530.03661704 
-598618477.97649121 
-598802291.68472254 
-599353381.46281075 
-600833865.17083335 
-604357917.14984202

-598576034.07005930 
-598578107.30726731 
-598597617.74677384 
-598668940.28448880 
-598900922.63318491 
-599553982.31245530 
-601202111.75075197

-598576033.68068624 
-598576084.54872739 
-598576327.31011999 
-598577340.56854999 
-598580764.02449453 
-598590650.13083315 
-598615918.02504015

-598576033.32678235 
-598576045.48862445 
-598576136.30585194 
-598576519.86578846 
-598577866.77382159 
-598581794.93076873 
-598591756.96859121

-598576032.99669123 
-598576032.35079324 
-598576034.09934211 
-598576040.08897448 
-598576059.92757571 
-598576116.74305618 
-598576262.41560185

-598576032.70994878 
-598576031.59126973 
-598576031.87876296 
-598576033.58461154 
-598576040.09929693 
-598576059.61748469 
-598576110.65070617

-598576032.43105066 
-598576031.06153870 
-598576030.80367267 
-598576030.60006809 
-598576030.47859418 
-598576030.62905383 
-598576031.13439453

-598576032.15529120 
-598576030.68477845 
-598576030.43097055 
-598576030.20707035 
-598576029.95689261 
-598576029.63506806 
-598576029.51212752

-598576031.88477671 
-598576030.39652336 
-598576030.12677944 
-598576029.88727665 
-598576029.51647639 
-598576029.07292235 
-598576028.66603982

-598576031.61729586 
-598576030.11835694 
-598576029.84993708 
-598576029.58403385 
-598576029.21625662 
-598576028.76739466 
-598576028.33350098

-598576031.35321784 
-598576029.84740007 
-598576029.57333326 
-598576029.31590879 
-598576028.93298233 
-598576028.46824849 
-598576028.03686368

-598576031.09180152 
-598576029.57618809 
-598576029.30518532 
-598576029.04282773 
-598576028.67124379 
-598576028.20063889 
-598576027.75990260

-598576030.83340979 
-598576029.31494391 
-598576029.04471827 
-598576028.77751362 
-598576028.39696133 
-598576027.93123794 
-598576027.49730027

-598576030.57750392 
-598576029.05002534 
-598576028.77835453 
-598576028.52099621 
-598576028.13691986 
-598576027.66349673 
-598576027.22375047

-598576030.32453811 
-598576028.79091322 
-598576028.52446711 
-598576028.25686884 
-598576027.87908494 
-598576027.41397345 
-598576026.96752453


-386615745.42734611 
-8030907259.33692074 
-8013072464.01562595 
-7960850236.64283180 
-7859989877.49805641 
-7730385925.26987362 
-7616309383.98266888

-386615721.72388303 
-7628169953.09439850 
-7613922362.16782570 
-7572197671.69002533 
-7491584525.20094681 
-7387907468.66086483 
-7296420592.88651276

-386615710.75608993 
-477832222.16756707 
-7136372857.94409370 
-7085250529.14633846 
-6986475812.26528168 
-6859424268.79046249 
-6747268604.17315769

-386615707.08213145 
-477832195.94930202 
-826725446.24390173 
-1844820043.22911739 
-3795608695.26488876 
-6251129810.80811214 
-6154446835.08589935

-386615705.32986367 
-391006365.53059602 
-421937413.72396594 
-1088705555.61156511 
-2213587397.50667667 
-4004921181.66643667 
-5813696390.13970184

-386615704.21983814 
-387393206.00098729 
-397876326.35520577 
-443303210.58171761 
-595708034.95903587 
-955549893.51998782 
-1561538027.17203546

-386615703.28892601 
-386668003.29208916 
-386960782.26359630 
-388539749.88518518 
-395944665.74953890 
-424523635.93105525 
-510145227.06782442

-386615702.57512945 
-386624636.65268242 
-386742229.90894705 
-387291557.40794992 
-389661305.26390809 
-398150424.27531546 
-422633175.98078895

-386615702.05179405 
-386616256.17869735 
-386618915.83778054 
-386630121.53133398 
-386669269.93970722 
-386791172.23021251 
-387143997.24223197

-386615701.58687979 
-386615801.20965517 
-386616349.82161361 
-386619008.38238823 
-386639953.95403284 
-386697853.83657414 
-386864520.48309404

-386615701.22611195 
-386615706.39140511 
-386615732.26333785 
-386615836.97842765 
-386616174.56887275 
-386617113.81637037 
-386619491.18132269

-386615700.89881253 
-386615701.71172291 
-386615705.62933898 
-386615722.53891456 
-386615782.24489838 
-386615975.26052326 
-386616574.93243980

-386615700.58431572 
-386615699.77276969 
-386615699.64074272 
-386615700.42211646 
-386615703.47009635 
-386615712.15260661 
-386615733.80628258

-386615700.28788090 
-386615698.99262267 
-386615698.88262725 
-386615699.04051536 
-386615699.48253524 
-386615700.42508113 
-386615703.16728246

-386615700.00068676 
-386615698.62371403 
-386615698.39611906 
-386615698.27323008 
-386615697.99383825 
-386615697.71946836 
-386615697.57958925

-386615699.71713668 
-386615698.30206245 
-386615698.03769982 
-386615697.81733513 
-386615697.49322200 
-386615697.13257390 
-386615696.85743707

-386615699.43902105 
-386615698.00382000 
-386615697.73965448 
-386615697.48548096 
-386615697.14533877 
-386615696.72800988 
-386615696.33015156

-386615699.16497660 
-386615697.72137552 
-386615697.44804430 
-386615697.19974303 
-386615696.83391309 
-386615696.39355910 
-386615695.98761833

-386615698.89418012 
-386615697.43609959 
-386615697.16733360 
-386615696.91182160 
-386615696.55516213 
-386615696.10479385 
-386615695.68093371

-386615698.62742126 
-386615697.16386282 
-386615696.89541250 
-386615696.63556880 
-386615696.26850438 
-386615695.82085907 
-386615695.40320617

-386615698.36298770 
-386615696.88911533 
-386615696.61925006 
-386615696.36811095 
-386615695.99804419 
-386615695.54054922 
-386615695.11525065


-262065108.37713197 
-7628169955.86415672 
-7613922363.53790283 
-7572197672.62008476 
-7491584525.91213512 
-7387907469.23999214 
-7296420593.37683582

-262064727.73169443 
-7153829051.12497139 
-7136372863.94805145 
-7085250533.03300953 
-6986475815.17089939 
-6859424271.12547207 
-6747268606.13304138

-262064697.24998215 
-6793382725.25895596 
-6772930547.27250099 
-6713060949.20260811 
-6597504421.82291985 
-6449259389.19000912 
-6319395833.49949551

-262064680.54847714 
-353281343.18039560 
-702174625.28796983 
-1720269197.71554995 
-3671057802.92362452 
-5911126317.85406590 
-5813696390.79932308

-262064673.95351794 
-347536169.30315286 
-675490034.68087566 
-1637780177.58510947 
-3500823403.99440289 
-5327280592.38961411 
-5199605514.89093590

-262064669.65080261 
-279174606.80475134 
-501583617.24306118 
-1063192235.35074568 
-2164968553.84494019 
-3618955131.21405220 
-4753208684.47178650

-262064667.71745223 
-262947984.49856091 
-266901170.21219829 
-281781555.38157040 
-325252446.02167469 
-430032151.37636626 
-647813017.47820592

-262064666.60684061 
-262406220.20964697 
-264102579.89299378 
-271295710.57233769 
-308042758.86725134 
-388496680.74544179 
-559267953.77703691

-262064665.82094222 
-262073386.59835461 
-262663009.22157785 
-264966212.57284346 
-273013071.38022196 
-294975459.56707323 
-343397996.97517735

-262064665.15129039 
-262069149.81413248 
-262089977.30046993 
-262173181.45117819 
-262441283.86075085 
-263193932.20173693 
-265136996.04975739

-262064664.61480239 
-262064959.50024953 
-262067078.20169669 
-262107122.95253563 
-262223483.30160627 
-262573136.96590748 
-263517271.09320250

-262064664.17133278 
-262064717.97004095 
-262065344.13653228 
-262068423.56201363 
-262080832.31431368 
-262120531.19776633 
-262226798.60078377

-262064663.79843763 
-262064667.53821868 
-262064686.46116847 
-262064786.91817456 
-262065257.44551432 
-262067126.86944827 
-262073169.11291191

-262064663.47662318 
-262064663.99498090 
-262064670.33599630 
-262064704.31504431 
-262064852.80371967 
-262065403.60027933 
-262067114.02085695

-262064663.15812135 
-262064662.38150683 
-262064662.70745805 
-262064663.21939513 
-262064665.55092996 
-262064673.08072129 
-262064695.01336551

-262064662.85390955 
-262064661.58504435 
-262064661.47584349 
-262064661.70523423 
-262064662.63660982 
-262064665.97286803 
-262064675.95706591

-262064662.55935785 
-262064661.24172837 
-262064661.02098536 
-262064660.92367855 
-262064660.85951728 
-262064660.61214206 
-262064660.51060295

-262064662.26964310 
-262064660.90395784 
-262064660.64930123 
-262064660.43310347 
-262064660.15410697 
-262064659.79930526 
-262064659.54257578

-262064661.98492932 
-262064660.60421938 
-262064660.33070511 
-262064660.09592381 
-262064659.75473887 
-262064659.35802597 
-262064659.02049306

-262064661.70559588 
-262064660.30415934 
-262064660.03743574 
-262064659.78976595 
-262064659.45132396 
-262064659.02301279 
-262064658.62369797

-262064661.42874297 
-262064660.01977405 
-262064659.75241295 
-262064659.49946085 
-262064659.14426538 
-262064658.71327820 
-262064658.31210873


-182168093.45868170 
-7320786479.47653103 
-7304571219.49643803 
-7257077872.67740154 
-7165291832.20267487 
-7047153884.08387756 
-6942673555.54213715

-182167322.51965562 
-6793382728.72402096 
-6772930548.96284294 
-6713060950.34512234 
-6597504422.69472599 
-6449259389.89904308 
-6319395834.09930992

-182167025.73573866 
-6165759796.30698967 
-6150678322.09634209 
-6106501379.54195213 
-6021105003.28155708 
-5911126321.73548508 
-5813696394.03742218

-182166944.33096385 
-273384144.07248193 
-622277625.47690654 
-1640372114.01565242 
-3591160558.48475885 
-5555367132.81983185 
-5440388630.35671425

-182166935.66370851 
-273383681.97725004 
-622276922.05054510 
-1640371489.71389890 
-3591160085.75602436 
-4889295362.24729729 
-4753208685.31110287

-182166929.50370306 
-237287684.05232418 
-448370315.45257664 
-1065783407.65874958 
-3591159955.96328402 
-4319285903.17811680 
-4213993578.25549221

-182166924.94465485 
-183139585.63059291 
-187502712.95672658 
-203869426.28987879 
-251422229.90453610 
-365048368.58372790 
-598739188.65389132

-182166922.38392726 
-182968541.36401105 
-186563298.29017866 
-200122948.86024308 
-239833260.38724139 
-336118549.31125754 
-539758200.61014938

-182166921.00040412 
-182393066.34008005 
-183416486.62398356 
-192239928.17271483 
-215045167.47804362 
-272339980.92881310 
-401424777.83111465

-182166919.86890891 
-182175639.88916650 
-182220854.14344469 
-182394360.79883310 
-182934507.78727642 
-184364243.98138979 
-187746052.01035243

-182166919.10107335 
-182171570.68188572 
-182193193.90476105 
-182280249.48398155 
-182565317.34248811 
-183374884.12350133 
-185425803.73713225

-182166918.56451696 
-182167448.68886244 
-182174989.26796898 
-182203414.16314310 
-182305525.96504912 
-182628577.43172550 
-183519913.33777481

-182166918.10947591 
-182166982.82286555 
-182167283.68990281 
-182168488.97763973 
-182172351.23088667 
-182182928.46483806 
-182208904.40660453

-182166917.70495012 
-182166933.36812609 
-182167008.49528319 
-182167332.68556818 
-182168458.46717888 
-182171759.46124059 
-182188405.25041580

-182166917.33226618 
-182166920.07187173 
-182166937.45218915 
-182167021.25124916 
-182167334.85991350 
-182168294.66548210 
-182170824.83095953

-182166917.00131404 
-182166916.51214659 
-182166918.09947598 
-182166922.57044801 
-182166937.29703960 
-182166978.19648549 
-182167080.63454282

-182166916.68391651 
-182166915.67460039 
-182166915.93621734 
-182166917.25268534 
-182166922.10412738 
-182166936.20820674 
-182166972.85821280

-182166916.37215397 
-182166915.15435618 
-182166915.03592730 
-182166915.22877514 
-182166915.61425102 
-182166916.93166101 
-182166920.87036353

-182166916.06998357 
-182166914.78391162 
-182166914.53642622 
-182166914.37438330 
-182166914.22647619 
-182166914.14731759 
-182166914.45461309

-182166915.77440551 
-182166914.46308801 
-182166914.19480759 
-182166913.98218471 
-182166913.69816446 
-182166913.41673410 
-182166913.20025432

-182166915.48277161 
-182166914.14372289 
-182166913.87757728 
-182166913.63995939 
-182166913.32676190 
-182166912.93286616 
-182166912.58172634


-130239386.06138445 
-6793382749.30956650 
-6772930557.03572655 
-6713060955.48291206 
-6597504426.50592327 
-6449259392.94818687 
-6319395836.65122509

-130239108.98999855 
-6353539443.93188953 
-6337906652.71931553 
-6292124917.47423363 
-6203671554.37933159 
-6089904768.38300514 
-5989497830.79788685

-130238317.25904869 
-5854484325.51047516 
-5836788834.24597263 
-5784943221.81354618 
-5684671638.46875858 
-5555367133.71084881 
-5440388631.10967636

-130237976.36498611 
-221455739.38329342 
-570348942.61607039 
-1588443402.21016669 
-5045258577.66497040 
-4889295370.80525494 
-4753208692.33210468

-130237963.95140593 
-221455285.74710599 
-570348691.43687367 
-1588443174.87719774 
-3539231609.57885599 
-4505873739.46523190 
-4412320105.67479324

-130237958.05222446 
-221454733.03945595 
-570347972.10512638 
-1588442536.55449677 
-3539231126.34651947 
-3923659331.16451359 
-3787027434.98533583

-130237950.74897991 
-131215218.23685850 
-135587921.39114696 
-439391881.84838688 
-869196000.44995964 
-1464482540.50102663 
-2130622135.45109296

-130237945.01795375 
-131194611.64896989 
-135581710.72804046 
-151972556.73916885 
-199594057.46486443 
-313379219.66911668 
-547382274.15543604

-130237942.40893415 
-130981263.99590468 
-134307545.02749956 
-146834150.79011109 
-183508445.45242912 
-272408865.25179112 
-459145089.13830847

-130237941.03922108 
-130249551.85459788 
-130325938.29673365 
-130798237.32304162 
-133371924.51993506 
-144330902.82839349 
-178633848.71215039

-130237940.18863170 
-130247705.28691210 
-130292612.80770023 
-130469013.65440315 
-131019656.06303012 
-132479332.15024962 
-135928352.82567337

-130237939.59633692 
-130242456.63587610 
-130263222.55142023 
-130344930.73486444 
-130601545.49125051 
-131290117.99643081 
-134641730.49047667

-130237939.06130241 
-130238057.77835317 
-130238689.03906174 
-130241380.91927348 
-130251115.10579138 
-130282689.84413363 
-130378184.25226711

-130237938.56520942 
-130238017.01074763 
-130238377.52064490 
-130239803.10808033 
-130244302.24436812 
-130256442.25714116 
-130285900.96926031

-130237938.14017794 
-130237958.03285587 
-130238046.52221344 
-130238443.55888426 
-130240889.71465237 
-130246563.01928790 
-130260406.61971913

-130237937.74906053 
-130237938.23253660 
-130237943.18685593 
-130237963.22529778 
-130238028.87095025 
-130238212.87733684 
-130238679.60403085

-130237937.39929727 
-130237937.24748915 
-130237939.93366380 
-130237947.69616985 
-130237972.54773787 
-130238041.53829831 
-130238217.43768571

-130237937.06655614 
-130237936.21604030 
-130237936.67170133 
-130237938.68016914 
-130237945.80375262 
-130237967.15043220 
-130238027.33427052

-130237936.74531922 
-130237935.62425289 
-130237935.42572713 
-130237935.38733505 
-130237935.73255785 
-130237936.88861421 
-130237939.37247825

-130237936.43115300 
-130237935.21274570 
-130237934.98446110 
-130237934.88654599 
-130237934.88039535 
-130237935.12556690 
-130237936.11662365

-130237936.12268172 
-130237934.87666425 
-130237934.61738549 
-130237934.42269906 
-130237934.18806410 
-130237934.00602224 
-130237933.89508896


-122964451.97789377 
-6353539447.92066097 
-6337906654.64630508 
-6292124918.77281094 
-6203671555.36878395 
-6089904769.18702984 
-5989497831.47767353

-122961828.17137094 
-5854484385.55358982 
-5836788851.18827629 
-5784943231.91456318 
-5684671645.75392056 
-5555367139.44870377 
-5440388635.86409187

-122961162.35949230 
-5472719475.96768665 
-5450496926.44863987 
-5385457719.32064629 
-5259979847.58519363 
-5099194039.96621609 
-4958822389.44353771

-122960478.42729330 
-4749201961.88165569 
-4734807567.63184547 
-4692633420.14306259 
-4611065228.12651348 
-4505873740.62409782 
-4412320106.65270138

-122960454.81790848 
-214178122.93239546 
-563071333.96410167 
-1581165965.27137351 
-3531954325.70715952 
-3923660604.86634493 
-3787027590.11069584

-122960445.82264401 
-214177304.27124870 
-563070806.28558612 
-1581165331.26626587 
-3531953845.55901384 
-3460680219.64135027 
-3269122153.82272863

-122960437.86378038 
-149980213.96361825 
-253780863.95348382 
-559378029.28252888 
-1157826600.37508631 
-1960895771.00875306 
-2620316488.78794193

-122960430.60376398 
-123937493.82655165 
-147565899.72318622 
-208389541.17799351 
-341107882.96486396 
-565361480.57156360 
-916238873.43896663

-122960427.35456251 
-123937482.12994656 
-128304176.63032575 
-144694985.86674908 
-192316413.72877434 
-306101479.34635782 
-540104449.18949187

-122960425.76644009 
-123003805.57428023 
-123218003.34829548 
-124214916.84274961 
-128340119.64838824 
-143116251.54809698 
-327362366.46827227

-122960424.81620930 
-122971303.00927314 
-123065794.41831933 
-123451885.01630551 
-124892007.37075934 
-129517213.45555192 
-141896478.29514807

-122960424.18036734 
-122968892.70683426 
-123007736.42511588 
-123159784.14564717 
-123632502.88567278 
-124881442.66073675 
-127828279.10542309

-122960423.62107186 
-122960590.10002723 
-122961392.20073245 
-122964855.98442669 
-123109535.33330151 
-123394626.48416489 
-124091391.45913318

-122960423.10127640 
-122960520.99128060 
-122961056.28806309 
-122963155.93519352 
-122969918.78129524 
-122988524.40866448 
-123034433.28830448

-122960422.64931419 
-122960467.24844156 
-122960670.70969288 
-122961473.87194245 
-122964005.04179984 
-122970832.54696764 
-122987437.35722907

-122960422.24099113 
-122960423.21069582 
-122960429.50359263 
-122960456.68926242 
-122960550.39662349 
-122960847.28700143 
-122961763.78051743

-122960421.88045922 
-122960422.06366979 
-122960425.63925669 
-122960439.49117430 
-122960483.96407299 
-122960605.31667051 
-122960903.72940059

-122960421.54046394 
-122960420.99111843 
-122960421.79678553 
-122960426.19769222 
-122960436.05371276 
-122960463.37463303 
-122960537.30056708

-122960421.21185559 
-122960420.22736172 
-122960420.19182742 
-122960420.18867344 
-122960420.58115911 
-122960422.07907583 
-122960426.14862981

-122960420.89324573 
-122960419.72583169 
-122960419.50652166 
-122960419.47349115 
-122960419.60415240 
-122960420.29378837 
-122960421.66290210

-122960420.58180714 
-122960419.37027387 
-122960419.13291340 
-122960418.96214823 
-122960418.82526433 
-122960418.66707557 
-122960418.81347835


-116850151.74642558 
-6010122042.19433117 
-5993733570.96043301 
-5945722296.08587742 
-5852888317.46551991 
-5733246724.99316120 
-5627042510.28738499

-116814620.50294270 
-5472719481.24769688 
-5450496928.94392395 
-5385457720.99101925 
-5259979848.85384464 
-5099194040.99516010 
-4958822390.31240082

-116813838.43510859 
-5000432477.45164585 
-4734807723.85447311 
-4692633466.37978840 
-4611065255.95788956 
-4505873760.75159931 
-4412320122.51836681

-116812554.36343338 
-4438651194.80949879 
-4420524499.00100422 
-4367431860.60709190 
-4264817197.13968277 
-4132698033.86330462 
-4015667024.28844595

-116812458.90452039 
-208031680.09830496 
-556924827.40729499 
-1575019123.64674592 
-3525807199.30928564 
-3460680221.22227335 
-3269122155.15405798

-116812432.53828436 
-208029825.13033071 
-556923279.05336881 
-1575017748.84004211 
-3057670951.86432886 
-2942660311.67607498 
-2833627276.31143999

-116812425.88241461 
-208029314.48317239 
-556922549.11558163 
-1575017100.97623396 
-2480433094.72463989 
-2330873882.65989637 
-2202568206.26658154

-116812414.10021245 
-153885260.90744630 
-296062594.06662625 
-713134964.54309785 
-1522023369.40205765 
-1934463553.27271461 
-1884560809.40239000

-116812409.91088204 
-117789472.82339007 
-122156184.49275503 
-138547039.67378455 
-186168556.81808919 
-299953737.96725118 
-533956808.23421997

-116812408.04022582 
-117377009.46816908 
-119900879.28635779 
-129377909.51717530 
-156929455.38106236 
-222827827.97128621 
-358570681.72864252

-116812406.96874835 
-116885279.58430132 
-117235104.99133302 
-118666153.24146821 
-130328880.40452842 
-153178769.19326904 
-200944227.51986229

-116812406.26924902 
-116823169.10817400 
-116901301.18994787 
-117245805.31363879 
-118465751.01205181 
-121880406.39507945 
-129738943.50425057

-116812405.66173983 
-116814947.31738043 
-116826637.19012496 
-116872639.66086332 
-117017040.38568346 
-117404801.42375384 
-118344543.65885693

-116812405.11588226 
-116812546.72170189 
-116813278.05636384 
-116819633.94982238 
-116838698.72913407 
-116894897.45432389 
-117046717.10173844

-116812404.62236963 
-116812507.52783355 
-116812995.10279483 
-116814991.65785553 
-116821546.04543862 
-116839894.13338444 
-116885841.98227155

-116812404.17775570 
-116812406.75702173 
-116812415.88476826 
-116812454.49519630 
-116812613.86571439 
-116813338.80664065 
-116816564.84258716

-116812403.79782167 
-116812404.62183440 
-116812410.30715719 
-116812434.99142592 
-116812522.82080828 
-116812823.35041919 
-116813853.30311060

-116812403.44735169 
-116812403.38039947 
-116812405.83597681 
-116812414.59168696 
-116812442.60552096 
-116812518.35025847 
-116812702.29485790

-116812403.11197345 
-116812402.39992712 
-116812402.60941145 
-116812404.40944944 
-116812410.58246228 
-116812427.58182167 
-116812469.28657867

-116812402.78575996 
-116812401.67746226 
-116812401.49064022 
-116812401.52512875 
-116812401.99621432 
-116812403.11411190 
-116812406.12633258

-116812402.46835950 
-116812401.30724351 
-116812401.08255047 
-116812401.01228032 
-116812400.97496544 
-116812401.27660038 
-116812402.32238390


-108405533.86526981 
-5472720553.47752666 
-5450496964.59148026 
-5385457739.80020905 
-5259979861.81221962 
-5099194050.95873642 
-4958822398.44673157

-108358563.85377206 
-5000432479.54088211 
-4982454118.97841358 
-4929814588.63279438 
-4828161896.11575508 
-4697584550.41492844 
-4582764395.12031555

-108306562.90538613 
-4438651202.19968891 
-4420524502.38381290 
-4367431862.85036850 
-4264817198.83579111 
-4132698035.23530674 
-4015667025.44498205

-108279472.88019098 
-4053139343.03536129 
-4033723096.39591265 
-3975335503.10480118 
-3857048981.01204681 
-3692169774.28033495 
-3528074793.45567417

-108278918.81054524 
-199558287.92647770 
-548449185.09978712 
-1566536916.09004092 
-3057670952.57307100 
-2942660312.25322199 
-2833627276.80009222

-108278563.25845926 
-199517933.53537700 
-548410328.05729294 
-1566502427.00799227 
-2480433097.60750246 
-2330873884.97688723 
-2202568208.21148825

-108278415.95504172 
-199500830.43244901 
-548397425.94667244 
-1566490973.26756907 
-2120602941.08530068 
-2037995390.91731644 
-1966903722.69397855

-108278361.03458349 
-181447369.45467684 
-461435450.90855783 
-1279189704.07130218 
-1838556390.59486532 
-1813214677.17397261 
-1790853625.32149959

-108278355.01944584 
-109255697.94617103 
-113622968.63547489 
-130015473.18742737 
-177642036.26497555 
-291432351.90891027 
-525439323.13174105

-108278350.86695108 
-109255485.75408205 
-113622443.67200689 
-130013925.09128897 
-177636638.20541835 
-291423303.70804030 
-525427527.23617357

-108278348.19084190 
-109074873.21519111 
-112634929.31748423 
-125999382.37975995 
-164835301.36034390 
-257657119.33748269 
-448653367.68712479

-108278346.14349198 
-108495075.03873338 
-109464684.64433944 
-117689192.83244659 
-138334721.06500185 
-187751953.23086452 
-289685142.70215052

-108278344.91546384 
-108286723.70500295 
-108331648.85405646 
-108502873.51703797 
-109034820.81535786 
-110438455.10901621 
-113743510.50816427

-108278343.89124618 
-108283507.84879974 
-108307206.50513273 
-108400109.13010356 
-108690040.36119913 
-109463124.08693817 
-111319603.49621925

-108278343.10688059 
-108279750.64272338 
-108291997.54768144 
-108336609.30739310 
-108479662.73748158 
-108877488.01795496 
-109880068.47075528

-108278342.50250822 
-108278729.65415025 
-108280564.54787883 
-108288276.48132809 
-108315444.47446446 
-108399617.61991237 
-108627981.57374401

-108278342.00081445 
-108278369.42093836 
-108278491.96207239 
-108278978.66592391 
-108280618.78972983 
-108287787.34874226 
-108302963.12541275

-108278341.61720374 
-108278353.48796235 
-108278410.63593653 
-108278646.62540698 
-108279423.69955137 
-108281594.21396732 
-108286972.88955195

-108278341.25643988 
-108278343.88723494 
-108278355.91804467 
-108278406.93024379 
-108278578.67219254 
-108279066.65317011 
-108280294.28133053

-108278340.91241643 
-108278340.89195421 
-108278343.52790485 
-108278355.23974778 
-108278393.24902536 
-108278498.82294790 
-108278765.90215735

-108278340.57938786 
-108278339.60841511 
-108278339.77653489 
-108278341.02190453 
-108278344.32224293 
-108278353.75536522 
-108278377.54531716


-102991754.61622083 
-5000432485.87505245 
-4982454121.92306137 
-4929814590.59436607 
-4828161897.60207844 
-4697584551.61875629 
-4582764396.13593292

-102981565.03231105 
-4593926573.29681396 
-4577666030.89091301 
-4530032638.74266434 
-4437941211.38997173 
-4319285886.23385334 
-4213993564.61693335

-102906177.09426308 
-4053139345.56023169 
-4033723097.65141869 
-3975335503.95848751 
-3857048981.66536045 
-3692169774.81258774 
-3528074793.90645266

-102865840.51199102 
-3201317657.40444469 
-3186707926.29685259 
-3143377025.68416834 
-3057670954.98261309 
-2942660314.19457293 
-2833627278.43229866

-102865728.02712514 
-194200575.58079731 
-2805831033.48385763 
-2753578670.34162426 
-2652804181.44260263 
-2523786463.16698694 
-2411442346.27712774

-102865118.65984400 
-194165217.05675843 
-543055341.41141188 
-1561140817.07511020 
-2120602941.95374703 
-2037995391.62363553 
-1966903723.29150581

-102864605.22596854 
-194107453.05864388 
-542999721.86548615 
-1561091471.74268627 
-1838556395.41702533 
-1813214681.01374674 
-1790853628.52535844

-102864456.85552223 
-176034095.75413033 
-542980083.13450301 
-1561074015.76342177 
-1838556388.58009291 
-1813214675.53084254 
-1790853623.92892218

-102864448.28813058 
-103842584.09000085 
-108211450.24033765 
-124608571.07274057 
-172241982.24733481 
-286041767.07036126 
-520055966.95145160

-102864442.26786679 
-103841825.16511387 
-108209201.05775137 
-124603662.40301447 
-172230933.56890002 
-286023174.64340115 
-520031616.01759928

-102864436.64505439 
-103764289.34681408 
-108208485.65550607 
-124599911.57599235 
-172222611.40758014 
-286009477.83527827 
-520014194.28052992

-102864433.97158931 
-103493622.13104865 
-106306066.48964748 
-116865670.20905279 
-147559244.66629115 
-220951238.40207499 
-372054148.53882539

-102864431.94994938 
-102875194.04778512 
-102924523.84943777 
-103117533.81020388 
-103717135.20305754 
-105299204.63616736 
-109024202.41663970

-102864430.51780589 
-102874790.52435870 
-102922289.01784800 
-103108138.82858855 
-103685516.78930971 
-105209000.33072402 
-108796155.36098769

-102864429.47996873 
-102870659.07952654 
-102899356.33732072 
-103012978.00796019 
-103374610.92070650 
-104849195.89685500 
-107886108.44046520

-102864428.68821952 
-102865459.53243440 
-102875616.49042082 
-102914432.98940393 
-103052251.70985848 
-103484839.13706182 
-104669850.67588426

-102864428.14271346 
-102864509.33849138 
-102864884.09456728 
-102866390.62241971 
-102871223.32321948 
-102884396.99485852 
-102916408.94023336

-102864427.72690924 
-102864463.26679483 
-102864628.32296731 
-102865616.95408581 
-102868513.88419397 
-102876366.02306700 
-102895432.22948626

-102864427.33477321 
-102864439.78938073 
-102864502.47832671 
-102864776.77542932 
-102865728.06408374 
-102868471.90517704 
-102875361.43441881

-102864426.96631850 
-102864429.23668158 
-102864438.13964610 
-102864473.40333615 
-102864586.23045802 
-102864898.68226470 
-102865688.08789173

-102864426.62047839 
-102864425.98426524 
-102864426.99440020 
-102864431.05644123 
-102864444.37612799 
-102864480.91262075 
-102864572.24548659


-97849070.63624586 
-4593926575.61686420 
-4577666032.04983616 
-4530032639.53181076 
-4437941211.99431801 
-4319285886.72641850 
-4213993565.03421402

-97848534.79991546 
-4053139354.82521391 
-4033723101.78499937 
-3975335506.67959404 
-3857048983.71560431 
-3692169776.46769094 
-3528074795.29977465

-97805255.40296900 
-3524603773.54136896 
-3507471963.25133276 
-3455757606.58768463 
-3350291230.41490269 
-3201670265.43239260 
-3051374714.87542534

-97722641.66621730 
-2823687210.45249319 
-2805831035.01648283 
-2753578671.37969875 
-2652804182.23551989 
-2523786463.81224871 
-2411442346.82320976

-97722620.30020086 
-2230527962.71852779 
-2219024233.52416754 
-2185383449.85144854 
-2120602945.72944593 
-2037995394.64489174 
-1966903725.82035875

-97722423.31987710 
-189049818.27877632 
-537942595.46016777 
-1556024646.72981262 
-1915391994.96266007 
-1873839113.11972213 
-1837707215.59424925

-97721962.40023932 
-189005334.51432610 
-537896076.96250463 
-1555983355.93639088 
-1838556388.64611745 
-1813214675.58501172 
-1790853623.97501373

-97721249.04239532 
-188946602.35399297 
-537839537.55269992 
-1555946129.35383320 
-1838556388.35453129 
-1813214675.34563541 
-1790853623.77124810

-97721235.77185796 
-102476678.91984089 
-296872328.50287622 
-811053066.90671110 
-1838556388.25525451 
-1813214675.26405025 
-1790853623.70175195

-97721232.28204076 
-99455058.02881645 
-109701881.62373495 
-158468906.53149030 
-322623030.00130945 
-709602440.61019659 
-1356029087.60845232

-97721225.65183456 
-98698656.42276870 
-103067448.85696943 
-119463193.47056401 
-167093993.95844507 
-280890590.73783648 
-514902463.06438321

-97721218.86247651 
-98572369.97622453 
-102480074.85641500 
-117647736.47079337 
-163346240.57369897 
-275711266.19785202 
-510102729.37741315

-97721215.23875602 
-97731991.99341297 
-97781356.33098702 
-97974482.49307840 
-98574411.90090349 
-169862128.06542200 
-265892739.22958091

-97721213.10572712 
-97731846.92236778 
-97781318.04458269 
-97974357.02540991 
-98574039.72639242 
-100156304.72003014 
-103881715.77250215

-97721211.64397365 
-97731295.82742816 
-97778159.44882230 
-97964590.52405509 
-98553820.23241904 
-100128127.32666115 
-103854896.73393409

-97721210.75912632 
-97726778.61990610 
-97752301.65848275 
-97900259.36927046 
-98327005.04726313 
-99457032.34122737 
-102122065.03302231

-97721210.16282524 
-97721330.89894462 
-97721878.99298912 
-97724040.86209254 
-97730840.59997770 
-97749114.90084992 
-97793243.87202081

-97721209.67959480 
-97721316.46088611 
-97721802.52375799 
-97723719.14072368 
-97729750.27850965 
-97745978.80749187 
-97785290.35827444

-97721209.23730239 
-97721258.78667150 
-97721595.99388874 
-97722852.31939566 
-97726819.54186858 
-97737579.10118690 
-97764170.18458340

-97721208.82951367 
-97721219.96085143 
-97721277.69928324 
-97721539.91673008 
-97722484.20947818 
-97725306.84168275 
-97732660.83197524

-97721208.45102586 
-97721208.71577838 
-97721212.53052838 
-97721227.47679269 
-97721270.76026860 
-97721391.44140419 
-97721766.37232620


-95489908.61115044 
-4258388782.65013838 
-4239210186.46793795 
-4182532814.68998098 
-4071186453.14089489 
-3923659329.43911886 
-3787027433.52889013

-92963244.06715986 
-3524603776.37924671 
-3507471964.65311003 
-3455757607.53883934 
-3350291231.14206457 
-3201670266.02445078 
-3051374715.37665319

-92962478.98178498 
-2823687225.75015211 
-2805831041.36316395 
-2753578675.47630644 
-2652804185.29398155 
-2523786466.26819181 
-2411442348.88356590

-92847273.25415309 
-2455111782.90154600 
-2438929340.39451647 
-2391611704.11151981 
-2300518017.56687880 
-2184434636.51351452 
-2084735964.24749470

-92838237.35928892 
-1970459910.21367955 
-1964704597.28028750 
-1947864277.99755692 
-1915391995.94801760 
-1873839113.92044234 
-1837707216.27125502

-92836598.69772354 
-184171725.48615068 
-533060536.96361893 
-1551142296.49514842 
-1838556388.73183203 
-1813214675.65530491 
-1790853624.03480816

-92836232.41643581 
-184147027.02251583 
-533052387.37658626 
-1551134905.09898877 
-1838556388.37462640 
-1813214675.36214447 
-1790853623.78530788

-92835208.65428668 
-184099609.21937284 
-532991081.31576359 
-1551080488.90468621 
-1838556388.26420832 
-1813214675.27141023 
-1790853623.70802236

-92835181.65524991 
-184052961.96294317 
-532946167.51386815 
-1551040621.54207778 
-1838556388.20946789 
-1813214675.22640967 
-1790853623.66968083

-92835177.06530900 
-147957511.21661389 
-359041650.95431244 
-976459138.73713446 
-1838556388.17647839 
-1813214675.19928408 
-1790853623.64656639

-92835174.70166089 
-93813848.66899732 
-98183471.76153834 
-114582804.07208838 
-162220479.86246783 
-276036120.80565411 
-510058008.32166058

-92835168.68692452 
-93812552.31999542 
-98181227.70598252 
-114576413.46976089 
-162206177.95394301 
-276001605.62704259 
-510012841.15101260

-92835160.36557542 
-93300314.05801332 
-95539309.31380726 
-104728063.40245274 
-134084441.94250359 
-209937014.29394716 
-374016704.13798851

-92835156.62959310 
-92876100.82707903 
-93118062.68775463 
-96244164.52442928 
-107108511.65326761 
-139079909.52731937 
-213807835.41730252

-92835154.91190541 
-92845936.45691253 
-92918252.73259728 
-93197476.34819396 
-94114545.07128929 
-96697823.80561562 
-103183802.39705451

-92835153.91445915 
-92844844.14492416 
-92889416.19799806 
-93064784.61904897 
-93614165.00490694 
-95079972.53210592 
-98576665.94040124

-92835153.25886132 
-92835277.82427183 
-92856675.80934884 
-92926363.46800801 
-93145411.67910203 
-93735110.54288605 
-95181203.42334785

-92835152.75032350 
-92835272.67251249 
-92835817.78774239 
-92837974.93435563 
-92844845.85831916 
-92864470.64032637 
-92923223.30299808

-92835152.22872947 
-92835265.39918178 
-92835782.42360988 
-92837826.93897456 
-92844291.34252180 
-92861790.15623325 
-92905486.94779685

-92835151.75125337 
-92835205.67254770 
-92835557.66042225 
-92836905.28608759 
-92841332.08354096 
-92853981.52558932 
-92886367.61908019

-92835151.31262408 
-92835152.82852693 
-92835158.74801041 
-92835182.74274072 
-92835258.56679657 
-92835462.83779451 
-92835958.02909128


-95901806.20116267 
-3524603788.43925714 
-3507471969.84786415 
-3455757610.92543411 
-3350291233.68211985 
-3201670268.06954288 
-3051374717.09530687

-88321858.37715174 
-2967678788.17347813 
-2952827610.21249008 
-2909317376.21033096 
-2825175268.93272591 
-2716699044.30255127 
-2620316486.81960535

-88321248.59405214 
-2455111786.46360254 
-2438929342.12897110 
-2391611705.28318405 
-2300518018.46068048 
-2184434637.24031830 
-2084735964.86227465

-88320594.87548918 
-1970459943.32487607 
-1964704608.82025194 
-1947864285.14933538 
-1915392001.19113445 
-1873839118.08742166 
-1837707219.74386740

-88280386.25094402 
-1871942495.92257047 
-1868459880.25623584 
-1858260917.80138922 
-1838556388.84793162 
-1813214675.75046134 
-1790853624.11572075

-88225007.94667499 
-181907672.42193305 
-530708301.22040868 
-1548532621.80772924 
-1838556388.39760017 
-1813214675.38101649 
-1790853623.80137897

-88194815.49389096 
-179530246.93055126 
-528876995.31440431 
-1546907106.08851624 
-1838556388.27396607 
-1813214675.27943063 
-1790853623.71485496

-88194220.20157404 
-179529668.00000173 
-528418476.61305791 
-1546500112.95607042 
-1838556388.21489835 
-1813214675.23087430 
-1790853623.67348528

-88193623.22670075 
-179419574.06974280 
-528312466.49274212 
-1546406018.65571070 
-1838556388.17995453 
-1813214675.20214248 
-1790853623.64900231

-88193457.51684132 
-143316823.35114503 
-528305914.64349318 
-1546400199.94658875 
-1779163124.58511591 
-1777765139.73005199 
-1775205858.58488870

-88193426.55555800 
-89172774.87121946 
-93543419.64760180 
-109945735.87349252 
-157589103.11661613 
-271401334.45671630 
-505425372.24768943

-88193420.94520673 
-89171765.03375132 
-93541111.64947772 
-109942890.57235135 
-157583283.71866030 
-271392706.97764808 
-505415920.20189482

-88193408.87832612 
-89170665.72853839 
-93538853.97870027 
-109933520.21178652 
-157562271.08852085 
-271356332.02448714 
-505366167.39291722

-88193403.89650674 
-89015867.31384453 
-92691821.35100290 
-106491097.30216084 
-146589273.87092018 
-242422235.91558260 
-439581230.44181728

-88193401.84239949 
-88436097.47897929 
-90789717.63349162 
-98757830.86527081 
-121928283.48767889 
-177368489.72036740 
-291628077.09873593

-88193400.60999086 
-88204179.03699878 
-88253543.96616551 
-88446676.35361934 
-89046599.97944696 
-90629357.94321886 
-94355634.62829995

-88193399.60076654 
-88200825.79275142 
-88235036.01076540 
-88370021.47585924 
-88794728.22048210 
-89934509.67241940 
-92672979.45219648

-88193398.83534244 
-88194836.18421201 
-88212193.67627978 
-88274751.63411558 
-88479618.73940367 
-89060559.14513998 
-90542377.08358876

-88193398.28448778 
-88193673.25740717 
-88195055.69769612 
-88201440.38342656 
-88226877.82449290 
-88316341.04220934 
-88588954.50314380

-88193397.72746560 
-88193510.93191455 
-88194034.37629861 
-88196142.75892194 
-88204315.70756271 
-88226285.72446999 
-88280869.09738475

-88193397.20186874 
-88193415.18876201 
-88193690.39721434 
-88194746.10378808 
-88198371.43176308 
-88208722.99101993 
-88234407.56953897


-91553199.37727775 
-2967678791.38953304 
-2952827611.78896046 
-2909317377.27747583 
-2825175269.74761438 
-2716699044.96557999 
-2620316487.38066101

-83937705.13233767 
-2455111808.90873241 
-2438929350.76806402 
-2391611710.75677013 
-2300518022.51280403 
-2184434640.47850418 
-2084735967.57040262

-83912197.30051413 
-2068977313.66146612 
-2060949308.97247839 
-2037467634.57992148 
-1992227600.28670239 
-1934463549.84270144 
-1884560806.52423501

-83911642.64366026 
-1871942496.51710963 
-1868459880.56851840 
-1858260918.01750064 
-1838556389.01476240 
-1813214675.88708377 
-1790853624.23182845

-83893042.51219445 
-1871942494.45061946 
-1868459879.46969771 
-1858260917.25396633 
-1838556388.42413640 
-1813214675.40281153 
-1790853623.81993794

-83817596.02663329 
-1871942493.97714114 
-1868459879.21278667 
-1858260917.07424164 
-1838556388.28464365 
-1813214675.28820634 
-1790853623.72233105

-83785160.98919247 
-176547430.80437094 
-525383309.29066157 
-1543310490.81079793 
-1838556388.22069645 
-1813214675.23564124 
-1790853623.67754698

-83785149.24081312 
-175120499.60967237 
-524009505.23943353 
-1542091063.40373945 
-1838556388.18361449 
-1813214675.20515203 
-1790853623.65156674

-83785064.18525457 
-175120002.47594509 
-524008811.15633506 
-1542090447.46260118 
-1802566575.54146647 
-1791733751.70152450 
-1781371737.59484076

-83784474.97476569 
-175082049.35914886 
-523972269.69210112 
-1542070940.36828613 
-1778439303.65071774 
-1777333118.42160654 
-1775015159.20256448

-83783909.65902367 
-84803290.38865191 
-176206981.92972934 
-393136099.26054692 
-821766057.64643884 
-1404359029.75151467 
-1775015159.08905721

-83783764.36422306 
-84763377.37267505 
-89135599.85036893 
-105546135.18135175 
-153218189.16604227 
-267096513.49153769 
-501219219.40757853

-83783754.01828024 
-84762320.21176384 
-89133876.13828059 
-105538213.17124397 
-153187961.79348570 
-267014033.00351432 
-501058012.65196711

-83783745.77252902 
-84761066.38619091 
-89128075.35842167 
-105519798.19575322 
-153142959.12963685 
-266930150.40741250 
-500934743.78607893

-83783739.65976931 
-84315609.61484790 
-86900512.19007318 
-97604423.75782254 
-131973470.23033594 
-220474771.59872892 
-409196245.86451012

-83783736.66492105 
-83794529.99909118 
-83843942.93114676 
-84037225.67272590 
-84637505.75816229 
-86220944.07854314 
-89948394.07270700

-83783734.43217517 
-83794512.80313250 
-83843876.59796447 
-84037006.64072052 
-84636937.40440607 
-86219768.97266683 
-89946332.42525081

-83783733.19391379 
-83793813.05373544 
-83840019.38993818 
-84020821.98586084 
-84636501.94212921 
-86218764.46027453 
-89944209.56201148

-83783732.36735477 
-83789282.25332023 
-83828144.60836132 
-83972917.43305011 
-84428732.49636583 
-85643273.53634980 
-88515237.06519432

-83783731.62145005 
-83785700.81616151 
-83795870.26047370 
-83841193.62498856 
-84000152.89678694 
-84455048.01797839 
-85562898.39051738

-83783730.96589880 
-83783830.60249124 
-83784289.87690423 
-83786388.95662354 
-83792777.88397239 
-83809955.21339881 
-83851462.00812584


-92456963.55442193 
-2679695626.85512733 
-2658834456.93918371 
-2597839964.59852934 
-2480433094.04880619 
-2330873882.10999632 
-2202568205.80124950

-92399636.32181147 
-2068977317.77148747 
-2060949310.95372891 
-2037467635.91417623 
-1992227601.30301237 
-1934463550.66839266 
-1884560807.22225261

-79725017.38130607 
-1871942497.46896100 
-1868459881.06185675 
-1858260918.35742426 
-1838556389.27660489 
-1813214676.10123682 
-1790853624.41366816

-79723262.38872182 
-1871942494.55661321 
-1868459879.52695751 
-1858260917.29396367 
-1838556388.45515704 
-1813214675.42828631 
-1790853623.84162784

-79723089.04105300 
-1871942494.01678729 
-1868459879.23436832 
-1858260917.08935571 
-1838556388.29638076 
-1813214675.29785252 
-1790853623.73054838

-79697783.66323261 
-1871942493.78259587 
-1868459879.10670519 
-1858260916.99990821 
-1838556388.22690177 
-1813214675.24074292 
-1790853623.68189383

-79597966.24779741 
-175255042.15457782 
-523983501.51728541 
-1541597227.46380281 
-1838556388.18747330 
-1813214675.20832515 
-1790853623.65427065

-79596006.46788722 
-170941491.39195809 
-519829908.49750847 
-1537918588.99939322 
-1802566576.48512721 
-1791733752.46408677 
-1781371738.23721790

-79595971.21948436 
-170931484.84061289 
-519820457.59162670 
-1537902000.61147141 
-1778439303.70081186 
-1777333118.46267700 
-1775015159.23749447

-79595850.77845418 
-170920868.28155488 
-519810046.18906933 
-1537892759.53603482 
-1778439303.49908543 
-1777333118.29714918 
-1775015159.09663558

-79595067.55407920 
-170857081.22699076 
-519775962.81508654 
-1537862505.86684680 
-1778439303.44016910 
-1777333118.24873757 
-1775015159.05540061

-79594594.05593295 
-116689363.03520827 
-258898440.76856214 
-676063085.86543489 
-1485126704.15160489 
-1777333118.22515988 
-1775015159.03531241

-79594575.51940334 
-80576614.19611043 
-84957348.37975290 
-101388968.86787668 
-149087901.67288104 
-262968234.95466676 
-497044213.52284759

-79594571.56089863 
-80573931.65946217 
-84944764.83022822 
-101347518.55884436 
-148991628.25588796 
-262804561.94269356 
-496828804.01722109

-79594569.31100290 
-80573207.98538242 
-84942967.68086816 
-101342694.27976874 
-148981108.70908609 
-262787286.53823501 
-496807088.63993400

-79594562.64685100 
-79641662.52232598 
-79982212.00289218 
-81890980.32236999 
-113294132.34115680 
-172181247.26180267 
-295979229.31620580

-79594556.87702154 
-79605359.62409802 
-79720267.29388469 
-80256695.40187769 
-82259813.76431488 
-87982199.35201120 
-101029074.12784280

-79594553.15347616 
-79605336.71814704 
-79654723.94436854 
-79847945.07761686 
-80448146.27284487 
-82031614.29553036 
-85759433.79441379

-79594550.49617973 
-79604354.58255310 
-79649365.49725373 
-79847704.98628914 
-80447404.31698106 
-82029689.15190233 
-85755090.59379408

-79594549.13859686 
-79598201.22714317 
-79628185.27000533 
-79738932.12673566 
-80094426.52653873 
-81073050.87343815 
-83491024.99199761

-79594548.30763482 
-79594670.99616513 
-79595220.87564451 
-79597387.63008361 
-79604199.91900763 
-79622502.51954408 
-79666690.04552242


