      0.10000000 
      0.10000000 
      0.10000000 
      0.10000000 
      0.10000000 
      0.10000000 
      0.10000000

      0.10000000 
      0.17203947 
      0.36492982 
      0.55782018 
      0.75071053 
      0.94360088 
      1.13649123

      0.10000000 
      0.10000000 
      0.11685965 
      0.18755702 
      0.25825439 
      0.32895175 
      0.39964912

      0.10000000 
      0.26195175 
      0.54212281 
      0.82229386 
      1.10246491 
      1.38263596 
      1.66280702

      0.10000000 
      0.13607456 
      0.29405263 
      0.45203070 
      0.61000877 
      0.76798684 
      0.92596491

      0.10000000 
      0.10000000 
      0.10000000 
      0.10000000 
      0.11755263 
      0.15333772 
      0.18912281

      0.10000000 
      0.22598684 
      0.47124561 
      0.71650439 
      0.96176316 
      1.20702193 
      1.45228070

      0.10000000 
      0.10010965 
      0.22317544 
      0.34624123 
      0.46930702 
      0.59237281 
      0.71543860

      0.10000000 
      0.31589912 
      0.64843860 
      0.98097807 
      1.31351754 
      1.64605702 
      1.97859649

      0.10000000 
      0.19002193 
      0.40036842 
      0.61071491 
      0.82106140 
      1.03140789 
      1.24175439

      0.10000000 
      0.10000000 
      0.15229825 
      0.24045175 
      0.32860526 
      0.41675877 
      0.50491228

      0.10000000 
      0.27993421 
      0.57756140 
      0.87518860 
      1.17281579 
      1.47044298 
      1.76807018

      0.10000000 
      0.15405702 
      0.32949123 
      0.50492544 
      0.68035965 
      0.85579386 
      1.03122807

      0.10000000 
      0.10000000 
      0.10000000 
      0.13466228 
      0.18790351 
      0.24114474 
      0.29438596

      0.10000000 
      0.24396930 
      0.50668421 
      0.76939912 
      1.03211404 
      1.29482895 
      1.55754386

      0.10000000 
      0.11809211 
      0.25861404 
      0.39913596 
      0.53965789 
      0.68017982 
      0.82070175

      0.10000000 
      0.33388158 
      0.10000000 
      0.10000000 
      0.10000000 
      0.10000000 
      0.10000000

      0.10000000 
      0.20800439 
      0.43580702 
      0.66360965 
      0.89141228 
      1.11921491 
      1.34701754

      0.10000000 
      0.10000000 
      0.18773684 
      0.29334649 
      0.39895614 
      0.50456579 
      0.61017544

      0.10000000 
      0.29791667 
      0.61300000 
      0.92808333 
      1.24316667 
      1.55825000 
      1.87333333

      0.10000000 
      0.85537281 
      1.71159649 
      2.56782018 
      3.42404386 
      4.28026754 
      5.13649123


      0.10000000 
      0.10000000 
      0.13830000 
      0.21955833 
      0.30081667 
      0.38207500 
      0.46333333

      0.10000000 
      0.27283114 
      0.56356316 
      0.85429518 
      1.14502719 
      1.43575921 
      1.72649123

      0.10000000 
      0.14695395 
      0.31549298 
      0.48403202 
      0.65257105 
      0.82111009 
      0.98964912

      0.10000000 
      0.10000000 
      0.10000000 
      0.11376886 
      0.16011491 
      0.20646096 
      0.25280702

      0.10000000 
      0.23686623 
      0.49268596 
      0.74850570 
      1.00432544 
      1.26014518 
      1.51596491

      0.10000000 
      0.11098904 
      0.24461579 
      0.37824254 
      0.51186930 
      0.64549605 
      0.77912281

      0.10000000 
      0.32677851 
      0.66987895 
      0.10000000 
      0.10000000 
      0.10000000 
      0.10000000

      0.10000000 
      0.20090132 
      0.42180877 
      0.64271623 
      0.86362368 
      1.08453114 
      1.30543860

      0.10000000 
      0.10000000 
      0.17373860 
      0.27245307 
      0.37116754 
      0.46988202 
      0.56859649

      0.10000000 
      0.29081360 
      0.59900175 
      0.90718991 
      1.21537807 
      1.52356623 
      1.83175439

      0.10000000 
      0.16493640 
      0.35093158 
      0.53692675 
      0.72292193 
      0.90891711 
      1.09491228

      0.10000000 
      0.10000000 
      0.10286140 
      0.16666360 
      0.23046579 
      0.29426798 
      0.35807018

      0.10000000 
      0.25484868 
      0.52812456 
      0.80140044 
      1.07467632 
      1.34795219 
      1.62122807

      0.10000000 
      0.12897149 
      0.28005439 
      0.43113728 
      0.58222018 
      0.73330307 
      0.88438596

      0.10000000 
      0.10000000 
      0.10000000 
      0.10000000 
      0.10000000 
      0.11865395 
      0.14754386

      0.10000000 
      0.21888377 
      0.45724737 
      0.69561096 
      0.93397456 
      1.17233816 
      1.41070175

      0.10000000 
      0.10000000 
      0.20917719 
      0.32534781 
      0.44151842 
      0.55768904 
      0.67385965

      0.10000000 
      0.30879605 
      0.63444035 
      0.96008465 
      1.28572895 
      1.61137325 
      1.93701754

      0.10000000 
      0.18291886 
      0.38637018 
      0.58982149 
      0.79327281 
      0.99672412 
      1.20017544

      0.10000000 
      0.74037500 
      1.48496667 
      2.22955833 
      2.97415000 
      3.71874167 
      4.46333333

      0.10000000 
      1.63949781 
      3.25689649 
      4.87429518 
      6.49169386 
      8.10909254 
      9.72649123


      0.10000000 
      0.15783333 
      0.33693333 
      0.51603333 
      0.69513333 
      0.87423333 
      1.05333333

      0.10000000 
      0.10000000 
      0.10000000 
      0.14577018 
      0.20267719 
      0.25958421 
      0.31649123

      0.10000000 
      0.24774561 
      0.51412632 
      0.78050702 
      1.04688772 
      1.31326842 
      1.57964912

      0.10000000 
      0.12186842 
      0.26605614 
      0.41024386 
      0.55443158 
      0.69861930 
      0.84280702

      0.10000000 
      0.33765789 
      0.10000000 
      0.10000000 
      0.10000000 
      0.10000000 
      0.10596491

      0.10000000 
      0.21178070 
      0.44324912 
      0.67471754 
      0.90618596 
      1.13765439 
      1.36912281

      0.10000000 
      0.10000000 
      0.19517895 
      0.30445439 
      0.41372982 
      0.52300526 
      0.63228070

      0.10000000 
      0.30169298 
      0.62044211 
      0.93919123 
      1.25794035 
      1.57668947 
      1.89543860

      0.10000000 
      0.17581579 
      0.37237193 
      0.56892807 
      0.76548421 
      0.96204035 
      1.15859649

      0.10000000 
      0.10000000 
      0.12430175 
      0.19866491 
      0.27302807 
      0.34739123 
      0.42175439

      0.10000000 
      0.26572807 
      0.54956491 
      0.83340175 
      1.11723860 
      1.40107544 
      1.68491228

      0.10000000 
      0.13985088 
      0.30149474 
      0.46313860 
      0.62478246 
      0.78642632 
      0.94807018

      0.10000000 
      0.10000000 
      0.10000000 
      0.10000000 
      0.13232632 
      0.17177719 
      0.21122807

      0.10000000 
      0.22976316 
      0.47868772 
      0.72761228 
      0.97653684 
      1.22546140 
      1.47438596

      0.10000000 
      0.10388596 
      0.23061754 
      0.35734912 
      0.48408070 
      0.61081228 
      0.73754386

      0.10000000 
      0.31967544 
      0.65588070 
      0.99208596 
      1.32829123 
      1.66449649 
      0.10000000

      0.10000000 
      0.19379825 
      0.40781053 
      0.62182281 
      0.83583509 
      1.04984737 
      1.26385965

      0.10000000 
      0.10000000 
      0.15974035 
      0.25155965 
      0.34337895 
      0.43519825 
      0.52701754

      0.10000000 
      0.62537719 
      1.25833684 
      1.89129649 
      2.52425614 
      3.15721579 
      3.79017544

      0.10000000 
      1.52450000 
      3.03026667 
      4.53603333 
      6.04180000 
      7.54756667 
      9.05333333

      0.10000000 
      2.42362281 
      4.80219649 
      7.18077018 
      9.55934386 
     11.93791754 
     14.31649123


      0.10000000 
      0.25862500 
      0.53556667 
      0.81250833 
      1.08945000 
      1.36639167 
      1.64333333

      0.10426579 
      0.10000000 
      0.53722982 
      0.67871184 
      0.59699386 
      0.75174254 
      0.90649123

      0.13058158 
      0.26987061 
      0.28915965 
      0.30844868 
      0.32773772 
      0.34702675 
      0.36631579

      0.15689737 
      0.14399342 
      0.10000000 
      0.94318553 
      1.17194825 
      1.40071096 
      1.62947368

      0.16321316 
      0.10000000 
      0.46635263 
      0.57292237 
      0.67949211 
      0.78606184 
      0.89263158

      0.17952895 
      0.23390570 
      0.21828246 
      0.20265921 
      0.18703596 
      0.17141272 
      0.15578947

      0.20584474 
      0.10802851 
      0.64354561 
      0.83739605 
      1.03124649 
      1.22509693 
      1.41894737

      0.22216053 
      0.66548465 
      0.39547544 
      0.46713289 
      0.53879035 
      0.61044781 
      0.68210526

      0.22847632 
      0.88127412 
      0.82073860 
      1.10186974 
      1.38300088 
      1.66413202 
      1.94526316

      0.23479211 
      1.43873026 
      1.24600175 
      1.73660658 
      2.22721140 
      2.71781623 
      3.20842105

      0.24110789 
      1.31285307 
      1.67126491 
      2.37134342 
      3.07142193 
      0.22490044 
      0.27491228

      0.23742368 
      0.24064254 
      0.50012807 
      0.75961360 
      1.01909912 
      1.27858465 
      1.53807018

      0.10000000 
      0.11476535 
      0.25205789 
      0.38935044 
      0.52664298 
      0.66393553 
      0.80122807

      0.10000000 
      0.33055482 
      0.10000000 
      0.10000000 
      0.10000000 
      0.10000000 
      0.10000000

      0.10000000 
      0.20467763 
      0.42925088 
      0.65382412 
      0.87839737 
      1.10297061 
      1.32754386

      0.10000000 
      0.10000000 
      0.18118070 
      0.28356096 
      0.38594123 
      0.48832149 
      0.59070175

      0.10000000 
      0.29458991 
      0.60644386 
      0.91829781 
      1.23015175 
      1.54200570 
      1.85385965

      0.10000000 
      0.51037939 
      1.03170702 
      1.55303465 
      2.07436228 
      2.59568991 
      3.11701754

      0.10000000 
      1.40950219 
      2.80363684 
      4.19777149 
      5.59190614 
      6.98604079 
      8.38017544

      0.10000000 
      2.30862500 
      4.57556667 
      6.84250833 
      9.10945000 
     11.37639167 
     13.64333333

      0.10000000 
      3.20774781 
      6.34749649 
      9.48724518 
     12.62699386 
     15.76674254 
     18.90649123


      0.10000000 
      0.10000000 
      0.10000000 
      0.10398333 
      0.14710000 
      0.19021667 
      0.23333333

      0.10000000 
      0.14462281 
      0.10000000 
      0.73872018 
      0.99131053 
      1.24390088 
      1.49649123

      0.10000000 
      0.10000000 
      0.46759298 
      0.57477368 
      0.68195439 
      0.78913509 
      0.89631579

      0.11954737 
      0.23453509 
      0.21952281 
      0.20451053 
      0.18949825 
      0.17448596 
      0.15947368

      0.12586316 
      0.10865789 
      0.64478596 
      0.83924737 
      1.03370877 
      1.22817018 
      1.42263158

      0.15217895 
      0.32444737 
      0.39671579 
      0.46898421 
      0.54125263 
      0.61352105 
      0.68578947

      0.17849474 
      0.19857018 
      0.14864561 
      0.10000000 
      0.10000000 
      1.66720526 
      1.94894737

      0.20481053 
      0.10000000 
      0.57390877 
      0.73345789 
      0.89300702 
      1.05255614 
      1.21210526

      0.21112632 
      0.28848246 
      0.32583860 
      0.36319474 
      0.40055088 
      0.43790702 
      0.47526316

      0.21744211 
      0.50427193 
      0.75110175 
      0.99793158 
      1.24476140 
      1.49159123 
      1.73842105

      0.23375789 
      1.06172807 
      1.17636491 
      1.63266842 
      0.75230526 
      0.87694211 
      1.00157895

      0.23007368 
      1.27751754 
      1.60162807 
      2.26740526 
      1.59651579 
      1.93062632 
      2.26473684

      0.23638947 
      1.49330702 
      2.02689123 
      2.90214211 
      2.44072632 
      2.98431053 
      3.52789474

      0.24270526 
      1.36742982 
      2.45215439 
      2.53187895 
      3.28493684 
      4.03799474 
      2.79105263

      0.23902105 
      1.58321930 
      2.20408421 
      3.16661579 
      1.27271404 
      1.59512895 
      1.91754386

      0.24533684 
      0.17959211 
      0.37981404 
      0.58003596 
      0.78025789 
      0.98047982 
      1.18070175

      0.10000000 
      0.39538158 
      0.80507719 
      1.21477281 
      1.62446842 
      2.03416404 
      2.44385965

      0.10000000 
      1.29450439 
      2.57700702 
      3.85950965 
      5.14201228 
      6.42451491 
      7.70701754

      0.10000000 
      2.19362719 
      4.34893684 
      6.50424649 
      8.65955614 
     10.81486579 
     12.97017544

      0.10000000 
      3.09275000 
      6.12086667 
      9.14898333 
     12.17710000 
     15.20521667 
     18.23333333

      0.10000000 
      3.99187281 
      7.89279649 
     11.79372018 
     15.69464386 
     19.59556754 
     23.49649123


      0.10000000 
      0.11854167 
      0.25950000 
      0.40045833 
      0.54141667 
      0.68237500 
      0.82333333

      0.10000000 
      0.33433114 
      0.10000000 
      0.10000000 
      0.10000000 
      0.10000000 
      0.10000000

      0.10000000 
      0.10928728 
      0.64602632 
      0.84109868 
      1.03617105 
      1.12141009 
      1.34964912

      0.10000000 
      0.32507675 
      0.39795614 
      0.47083553 
      0.54371491 
      0.61659430 
      0.68947368

      0.10000000 
      0.19919956 
      0.14988596 
      0.10057237 
      0.10000000 
      0.10000000 
      1.95263158

      0.10000000 
      0.10000000 
      0.57514912 
      0.73530921 
      0.89546930 
      1.05562939 
      1.21578947

      0.12114474 
      0.28911184 
      0.32707895 
      0.36504605 
      0.40301316 
      0.44098026 
      0.47894737

      0.14746053 
      0.16323465 
      0.10000000 
      0.99978289 
      1.24722368 
      1.49466447 
      1.74210526

      0.17377632 
      0.10000000 
      0.50427193 
      0.62951974 
      0.75476754 
      0.88001535 
      1.00526316

      0.18009211 
      0.25314693 
      0.25620175 
      0.25925658 
      0.26231140 
      0.26536623 
      0.26842105

      0.19640789 
      0.12726974 
      0.10000000 
      0.89399342 
      1.10652193 
      1.31905044 
      1.53157895

      0.21272368 
      0.34305921 
      0.43339474 
      0.52373026 
      0.61406579 
      0.70440132 
      0.79473684

      0.21903947 
      0.90051535 
      0.85865789 
      1.15846711 
      0.12160965 
      0.10000000 
      0.10000000

      0.22535526 
      1.11630482 
      1.28392105 
      1.79320395 
      0.96582018 
      1.14343640 
      1.32105263

      0.23167105 
      1.33209430 
      1.70918421 
      2.42794079 
      1.81003070 
      2.19712061 
      2.58421053

      0.23798684 
      1.54788377 
      2.13444737 
      2.05767763 
      2.65424123 
      3.25080482 
      3.84736842

      0.23430263 
      1.42200658 
      1.88637719 
      2.69241447 
      3.49845175 
      2.63615570 
      3.11052632

      0.24061842 
      1.63779605 
      2.31164035 
      2.32215132 
      3.00599561 
      3.68983991 
      4.37368421

      0.23693421 
      1.51191886 
      2.06357018 
      2.95688816 
      3.85020614 
      3.07519079 
      3.63684211

      0.24325000 
      1.72770833 
      2.48883333 
      2.58662500 
      3.35775000 
      4.12887500 
      4.90000000

      0.23956579 
      1.60183114 
      2.24076316 
      3.22136184 
      2.86529386 
      3.51422588 
      4.16315789


      0.10000000 
      0.21933333 
      0.45813333 
      0.69693333 
      0.93573333 
      1.17453333 
      1.41333333

      0.10000000 
      0.10000000 
      0.21006316 
      0.32667018 
      0.44327719 
      0.55988421 
      0.67649123

      0.10000000 
      0.19982895 
      0.15112632 
      0.10242368 
      0.10000000 
      1.61356842 
      1.93964912

      0.10000000 
      0.10000000 
      0.57638947 
      0.73716053 
      0.89793158 
      0.99891930 
      1.20280702

      0.10000000 
      0.28974123 
      0.32831930 
      0.36689737 
      0.40547544 
      0.44405351 
      0.48263158

      0.10000000 
      0.16386404 
      0.10000000 
      1.00163421 
      1.24968596 
      1.49773772 
      1.74578947

      0.10000000 
      0.10000000 
      0.50551228 
      0.63137105 
      0.75722982 
      0.88308860 
      1.00894737

      0.11011053 
      0.25377632 
      0.25744211 
      0.26110789 
      0.26477368 
      0.26843947 
      0.27210526

      0.13642632 
      0.12789912 
      0.10000000 
      0.89584474 
      1.10898421 
      1.32212368 
      1.53526316

      0.14274211 
      0.10000000 
      0.43463509 
      0.52558158 
      0.61652807 
      0.70747456 
      0.79842105

      0.16905789 
      0.21781140 
      0.18656491 
      0.15531842 
      0.12407193 
      0.10000000 
      0.10000000

      0.18537368 
      0.10000000 
      0.61182807 
      0.79005526 
      0.96828246 
      1.14650965 
      1.32473684

      0.20168947 
      0.30772368 
      0.36375789 
      0.41979211 
      0.47582632 
      0.53186053 
      0.58789474

      0.20800526 
      0.52351316 
      0.78902105 
      0.10000000 
      1.32003684 
      1.58554474 
      1.85105263

      0.21432105 
      1.08096930 
      1.21428421 
      0.68426579 
      0.82758070 
      0.97089561 
      1.11421053

      0.22063684 
      0.95509211 
      1.63954737 
      1.31900263 
      1.67179123 
      0.35624649 
      0.37736842

      0.22695263 
      1.17088158 
      2.06481053 
      1.95373947 
      2.51600175 
      1.40993070 
      1.64052632

      0.23326842 
      1.38667105 
      1.81674035 
      2.58847632 
      2.02354561 
      2.46361491 
      2.90368421

      0.22958421 
      1.60246053 
      2.24200351 
      2.21821316 
      2.86775614 
      3.51729912 
      4.16684211

      0.23590000 
      1.47658333 
      1.99393333 
      2.85295000 
      3.71196667 
      2.90265000 
      3.43000000

      0.23221579 
      1.35070614 
      2.41919649 
      2.48268684 
      3.21951053 
      3.95633421 
      4.69315789


      0.10000000 
      0.32012500 
      0.65676667 
      0.99340833 
      1.33005000 
      1.66669167 
      0.10000000

      0.10000000 
      0.19424781 
      0.40869649 
      0.62314518 
      0.83759386 
      1.05204254 
      1.26649123

      0.10000000 
      0.29037061 
      0.32955965 
      0.36874868 
      0.40793772 
      0.43739342 
      0.52964912

      0.10000000 
      0.16449342 
      0.10000000 
      1.00348553 
      1.25214825 
      1.49107763 
      1.79280702

      0.10000000 
      0.10000000 
      0.50675263 
      0.63322237 
      0.75969211 
      0.88616184 
      1.01263158

      0.10000000 
      0.25440570 
      0.25868246 
      0.26295921 
      0.26723596 
      0.27151272 
      0.27578947

      0.10000000 
      0.12852851 
      0.10000000 
      0.89769605 
      1.11144649 
      1.32519693 
      1.53894737

      0.10000000 
      0.10000000 
      0.43587544 
      0.52743289 
      0.61899035 
      0.71054781 
      0.80210526

      0.10907632 
      0.21844079 
      0.18780526 
      0.15716974 
      0.12653421 
      0.10000000 
      0.10000000

      0.13539211 
      0.10000000 
      0.61306842 
      0.79190658 
      0.97074474 
      1.14958289 
      1.32842105

      0.15170789 
      0.30835307 
      0.36499825 
      0.42164342 
      0.47828860 
      0.53493377 
      0.59157895

      0.16802368 
      0.18247588 
      0.11692807 
      0.10000000 
      1.32249912 
      1.58861798 
      1.85473684

      0.18433947 
      0.10000000 
      0.54219123 
      0.68611711 
      0.83004298 
      0.97396886 
      1.11789474

      0.19065526 
      0.27238816 
      0.29412105 
      0.31585395 
      0.33758684 
      0.35931974 
      0.38105263

      0.20697105 
      0.48817763 
      0.71938421 
      0.95059079 
      1.18179737 
      1.41300395 
      1.64421053

      0.21328684 
      0.70396711 
      1.14464737 
      0.58032763 
      0.68934123 
      0.79835482 
      0.90736842

      0.21960263 
      0.91975658 
      1.56991053 
      1.21506447 
      1.53355175 
      1.85203904 
      2.17052632

      0.22591842 
      1.13554605 
      1.99517368 
      1.84980132 
      2.37776228 
      1.23738991 
      1.43368421

      0.23223421 
      1.35133553 
      1.74710351 
      2.48453816 
      3.22197281 
      2.29107412 
      2.69684211

      0.22855000 
      1.56712500 
      2.17236667 
      2.11427500 
      2.72951667 
      3.34475833 
      3.96000000

      0.23486579 
      1.44124781 
      1.92429649 
      2.74901184 
      3.57372719 
      2.73010921 
      3.22315789


      0.10000000 
      0.10000000 
      0.18206667 
      0.28488333 
      0.38770000 
      0.49051667 
      0.59333333

      0.10000000 
      0.29503947 
      0.60732982 
      0.91962018 
      1.23191053 
      1.54420088 
      1.85649123

      0.10000000 
      0.10000000 
      0.35925965 
      0.54935702 
      0.73945439 
      0.92955175 
      1.11964912

      0.10000000 
      0.25503509 
      0.25992281 
      0.26481053 
      0.24699825 
      0.31490263 
      0.38280702

      0.10000000 
      0.12915789 
      0.10000000 
      0.89954737 
      1.11390877 
      1.36858684 
      1.64596491

      0.10000000 
      0.10000000 
      0.43711579 
      0.52928421 
      0.62145263 
      0.71362105 
      0.80578947

      0.10000000 
      0.21907018 
      0.18904561 
      0.15902105 
      0.12899649 
      0.10000000 
      0.10000000

      0.10000000 
      0.10000000 
      0.61430877 
      0.79375789 
      0.97320702 
      1.15265614 
      1.33210526

      0.10000000 
      0.30898246 
      0.36623860 
      0.42349474 
      0.48075088 
      0.53800702 
      0.59526316

      0.10000000 
      0.18310526 
      0.11816842 
      0.10000000 
      1.32496140 
      1.59169123 
      1.85842105

      0.10435789 
      0.10000000 
      0.54343158 
      0.68796842 
      0.83250526 
      0.97704211 
      1.12157895

      0.13067368 
      0.27301754 
      0.29536140 
      0.31770526 
      0.34004912 
      0.36239298 
      0.38473684

      0.15698947 
      0.14714035 
      0.10000000 
      0.95244211 
      1.18425965 
      1.41607719 
      1.64789474

      0.16330526 
      0.10000000 
      0.47255439 
      0.58217895 
      0.69180351 
      0.80142807 
      0.91105263

      0.17962105 
      0.23705263 
      0.22448421 
      0.21191579 
      0.19934737 
      0.18677895 
      0.17421053

      0.18593684 
      0.45284211 
      0.64974737 
      0.84665263 
      1.04355789 
      1.24046316 
      1.43736842

      0.20225263 
      0.66863158 
      0.40167719 
      0.47638947 
      0.55110175 
      0.62581404 
      0.70052632

      0.20856842 
      0.88442105 
      0.82694035 
      1.11112632 
      1.39531228 
      1.67949825 
      1.96368421

      0.21488421 
      1.10021053 
      1.25220351 
      1.74586316 
      0.90285614 
      1.06484912 
      1.22684211

      0.22120000 
      1.31600000 
      1.67746667 
      1.37560000 
      1.74706667 
      2.11853333 
      2.49000000

      0.22751579 
      1.19012281 
      2.10272982 
      2.01033684 
      2.59127719 
      3.17221754 
      1.75315789


      0.10000000 
      0.18004167 
      0.38070000 
      0.58135833 
      0.78201667 
      0.98267500 
      1.18333333

      0.10000000 
      0.10000000 
      0.13262982 
      0.21109518 
      0.28956053 
      0.36802588 
      0.44649123

      0.10000000 
      0.26995395 
      0.55789298 
      0.84583202 
      1.13377105 
      1.42171009 
      1.70964912

      0.10000000 
      0.10000000 
      0.43835614 
      0.53113553 
      0.64131491 
      0.80706096 
      0.97280702

      0.10000000 
      0.21969956 
      0.19028596 
      0.16087237 
      0.14885877 
      0.19241184 
      0.23596491

      0.10000000 
      0.10000000 
      0.61554912 
      0.79560921 
      0.97566930 
      1.24609605 
      1.49912281

      0.10000000 
      0.30961184 
      0.36747895 
      0.42534605 
      0.48321316 
      0.54108026 
      0.59894737

      0.10000000 
      0.18373465 
      0.11940877 
      0.10000000 
      1.32742368 
      1.59476447 
      1.86210526

      0.10000000 
      0.10000000 
      0.54467193 
      0.68981974 
      0.83496754 
      0.98011535 
      1.12526316

      0.10000000 
      0.27364693 
      0.29660175 
      0.31955658 
      0.34251140 
      0.36546623 
      0.38842105

      0.10000000 
      0.14776974 
      0.10000000 
      0.95429342 
      1.18672193 
      1.41915044 
      1.65157895

      0.10000000 
      0.10000000 
      0.47379474 
      0.58403026 
      0.69426579 
      0.80450132 
      0.91473684

      0.10000000 
      0.23768202 
      0.22572456 
      0.21376711 
      0.20180965 
      0.18985219 
      0.17789474

      0.12595526 
      0.11180482 
      0.65098772 
      0.84850395 
      1.04602018 
      1.24353640 
      1.44105263

      0.15227105 
      0.32759430 
      0.40291754 
      0.47824079 
      0.55356404 
      0.62888728 
      0.70421053

      0.15858684 
      0.20171711 
      0.15484737 
      0.10797763 
      0.10000000 
      0.10000000 
      1.96736842

      0.17490263 
      0.10000000 
      0.58011053 
      0.74271447 
      0.90531842 
      1.06792237 
      1.23052632

      0.18121842 
      0.29162939 
      0.33204035 
      0.37245132 
      0.41286228 
      0.45327325 
      0.49368421

      0.19753421 
      0.50741886 
      0.75730351 
      1.00718816 
      1.25707281 
      1.50695746 
      1.75684211

      0.20385000 
      0.72320833 
      0.50923333 
      0.63692500 
      0.76461667 
      0.89230833 
      1.02000000

      0.21016579 
      0.93899781 
      0.93449649 
      1.27166184 
      1.60882719 
      1.94599254 
      0.28315789


      0.10000000 
      0.28083333 
      0.57933333 
      0.87783333 
      1.17633333 
      1.47483333 
      1.77333333

      0.10000000 
      0.15495614 
      0.33126316 
      0.50757018 
      0.68387719 
      0.86018421 
      1.03649123

      0.10000000 
      0.10000000 
      0.10000000 
      0.13730702 
      0.19142105 
      0.24553509 
      0.29964912

      0.10000000 
      0.10000000 
      0.61678947 
      0.79746053 
      1.03563158 
      1.29921930 
      1.56280702

      0.10000000 
      0.31024123 
      0.36871930 
      0.42719737 
      0.54317544 
      0.68457018 
      0.82596491

      0.10000000 
      0.18436404 
      0.12064912 
      0.10000000 
      0.10000000 
      0.10000000 
      0.10000000

      0.10000000 
      0.10000000 
      0.54591228 
      0.69167105 
      0.83742982 
      0.98318860 
      1.12894737

      0.10000000 
      0.27427632 
      0.29784211 
      0.32140789 
      0.34497368 
      0.36853947 
      0.39210526

      0.10000000 
      0.14839912 
      0.10000000 
      0.95614474 
      1.18918421 
      1.42222368 
      1.65526316

      0.10000000 
      0.10000000 
      0.47503509 
      0.58588158 
      0.69672807 
      0.80757456 
      0.91842105

      0.10000000 
      0.23831140 
      0.22696491 
      0.21561842 
      0.20427193 
      0.19292544 
      0.18157895

      0.10000000 
      0.11243421 
      0.65222807 
      0.85035526 
      1.04848246 
      1.24660965 
      1.44473684

      0.10000000 
      0.32822368 
      0.40415789 
      0.48009211 
      0.55602632 
      0.63196053 
      0.70789474

      0.10000000 
      0.20234649 
      0.15608772 
      0.10982895 
      0.10000000 
      0.10000000 
      1.97105263

      0.10492105 
      0.10000000 
      0.58135088 
      0.74456579 
      0.90778070 
      1.07099561 
      1.23421053

      0.12123684 
      0.29225877 
      0.33328070 
      0.37430263 
      0.41532456 
      0.45634649 
      0.49736842

      0.14755263 
      0.16638158 
      0.10000000 
      0.10000000 
      1.25953509 
      1.51003070 
      1.76052632

      0.16386842 
      0.10000000 
      0.51047368 
      0.63877632 
      0.76707895 
      0.89538158 
      1.02368421

      0.17018421 
      0.25629386 
      0.26240351 
      0.26851316 
      0.27462281 
      0.28073246 
      0.28684211

      0.17650000 
      0.47208333 
      0.68766667 
      0.90325000 
      1.11883333 
      1.33441667 
      1.55000000

      0.20281579 
      0.34620614 
      0.43959649 
      0.53298684 
      0.62637719 
      0.71976754 
      0.81315789


      0.10000000 
      0.10000000 
      0.10463333 
      0.16930833 
      0.23398333 
      0.29865833 
      0.36333333

      0.10000000 
      0.25574781 
      0.52989649 
      0.80404518 
      1.07819386 
      1.35234254 
      1.62649123

      0.10000000 
      0.12987061 
      0.28182632 
      0.43378202 
      0.58573772 
      0.73769342 
      0.88964912

      0.10000000 
      0.18499342 
      0.12188947 
      0.10000000 
      0.10000000 
      0.12304430 
      0.15280702

      0.10000000 
      0.10000000 
      0.54715263 
      0.69352237 
      0.93749211 
      1.17672851 
      1.41596491

      0.10000000 
      0.27490570 
      0.29908246 
      0.32325921 
      0.44503596 
      0.56207939 
      0.67912281

      0.10000000 
      0.14902851 
      0.10000000 
      0.95799605 
      1.19164649 
      1.42529693 
      1.94228070

      0.10000000 
      0.10000000 
      0.47627544 
      0.58773289 
      0.69919035 
      0.81064781 
      0.92210526

      0.10000000 
      0.23894079 
      0.22820526 
      0.21746974 
      0.20673421 
      0.19599868 
      0.18526316

      0.10000000 
      0.11306360 
      0.65346842 
      0.85220658 
      1.05094474 
      1.24968289 
      1.44842105

      0.10000000 
      0.32885307 
      0.40539825 
      0.48194342 
      0.55848860 
      0.63503377 
      0.71157895

      0.10000000 
      0.20297588 
      0.15732807 
      0.11168026 
      0.10000000 
      0.10000000 
      1.97473684

      0.10000000 
      0.10000000 
      0.58259123 
      0.74641711 
      0.91024298 
      1.07406886 
      1.23789474

      0.10000000 
      0.29288816 
      0.33452105 
      0.37615395 
      0.41778684 
      0.45941974 
      0.50105263

      0.10000000 
      0.16701096 
      0.10000000 
      0.10000000 
      1.26199737 
      1.51310395 
      1.76421053

      0.10000000 
      0.10000000 
      0.51171404 
      0.64062763 
      0.76954123 
      0.89845482 
      1.02736842

      0.11020263 
      0.25692325 
      0.26364386 
      0.27036447 
      0.27708509 
      0.28380570 
      0.29052632

      0.13651842 
      0.13104605 
      0.10000000 
      0.90510132 
      1.12129561 
      1.33748991 
      1.55368421

      0.14283421 
      0.34683553 
      0.44083684 
      0.53483816 
      0.62883947 
      0.72284079 
      0.81684211

      0.16915000 
      0.22095833 
      0.19276667 
      0.16457500 
      0.13638333 
      0.10819167 
      0.10000000

      0.19546579 
      0.10000000 
      0.61802982 
      0.79931184 
      0.98059386 
      1.16187588 
      1.34315789


      0.10000000 
      0.14075000 
      0.30326667 
      0.46578333 
      0.62830000 
      0.79081667 
      0.95333333

      0.10000000 
      0.10000000 
      0.10000000 
      0.10000000 
      0.13584386 
      0.17616754 
      0.21649123

      0.10000000 
      0.23066228 
      0.48045965 
      0.73025702 
      0.98005439 
      1.22985175 
      1.47964912

      0.10000000 
      0.10478509 
      0.23238947 
      0.35999386 
      0.48759825 
      0.61520263 
      0.74280702

      0.10000000 
      0.14965789 
      0.10000000 
      0.95984737 
      1.33180877 
      0.10000000 
      0.10000000

      0.10000000 
      0.10000000 
      0.47751579 
      0.62446754 
      0.83935263 
      1.05423772 
      1.26912281

      0.10000000 
      0.23957018 
      0.22944561 
      0.21932105 
      0.20919649 
      0.43958860 
      0.53228070

      0.10000000 
      0.11369298 
      0.65470877 
      0.85405789 
      1.05340702 
      1.25275614 
      1.79543860

      0.10000000 
      0.32948246 
      0.40663860 
      0.48379474 
      0.56095088 
      0.63810702 
      1.05859649

      0.10000000 
      0.20360526 
      0.15856842 
      0.11353158 
      0.10000000 
      0.10000000 
      1.97842105

      0.10000000 
      0.10000000 
      0.58383158 
      0.74826842 
      0.91270526 
      1.07714211 
      1.24157895

      0.10000000 
      0.29351754 
      0.33576140 
      0.37800526 
      0.42024912 
      0.46249298 
      0.50473684

      0.10000000 
      0.16764035 
      0.10000000 
      0.10000000 
      1.26445965 
      1.51617719 
      1.76789474

      0.10000000 
      0.10000000 
      0.51295439 
      0.64247895 
      0.77200351 
      0.90152807 
      1.03105263

      0.10000000 
      0.25755263 
      0.26488421 
      0.27221579 
      0.27954737 
      0.28687895 
      0.29421053

      0.10000000 
      0.13167544 
      0.10000000 
      0.90695263 
      1.12375789 
      1.34056316 
      1.55736842

      0.10285263 
      0.10000000 
      0.44207719 
      0.53668947 
      0.63130175 
      0.72591404 
      0.82052632

      0.11916842 
      0.22158772 
      0.19400702 
      0.16642632 
      0.13884561 
      0.11126491 
      0.10000000

      0.13548421 
      0.10000000 
      0.61927018 
      0.80116316 
      0.98305614 
      1.16494912 
      1.34684211

      0.16180000 
      0.31150000 
      0.37120000 
      0.43090000 
      0.49060000 
      0.55030000 
      0.61000000

      0.18811579 
      0.18562281 
      0.12312982 
      0.10000000 
      1.33481053 
      1.60398421 
      1.87315789


      0.10000000 
      0.24154167 
      0.50190000 
      0.76225833 
      1.02261667 
      1.28297500 
      1.54333333

      0.10000000 
      0.11566447 
      0.25382982 
      0.39199518 
      0.53016053 
      0.66832588 
      0.80649123

      0.10000000 
      0.33145395 
      0.10000000 
      0.10000000 
      0.10000000 
      0.10000000 
      0.10000000

      0.10000000 
      0.20557675 
      0.43102281 
      0.65646886 
      0.88191491 
      1.10736096 
      1.33280702

      0.10000000 
      0.24019956 
      0.23068596 
      0.28620570 
      0.38945877 
      0.49271184 
      0.59596491

      0.10000000 
      0.11432237 
      0.65594912 
      0.92094254 
      1.23366930 
      1.54639605 
      1.85912281

      0.10000000 
      0.33011184 
      0.40787895 
      0.55067939 
      0.74121316 
      0.93174693 
      1.12228070

      0.10000000 
      0.20423465 
      0.15980877 
      0.11538289 
      0.24875702 
      0.31709781 
      0.38543860

      0.10000000 
      0.10000000 
      0.58507193 
      0.75011974 
      0.91516754 
      1.08021535 
      1.64859649

      0.10000000 
      0.29414693 
      0.33700175 
      0.37985658 
      0.42271140 
      0.46556623 
      0.50842105

      0.10000000 
      0.16826974 
      0.10000000 
      0.10000000 
      1.26692193 
      1.51925044 
      1.77157895

      0.10000000 
      0.10000000 
      0.51419474 
      0.64433026 
      0.77446579 
      0.90460132 
      1.03473684

      0.10000000 
      0.25818202 
      0.26612456 
      0.27406711 
      0.28200965 
      0.28995219 
      0.29789474

      0.10000000 
      0.13230482 
      0.10000000 
      0.90880395 
      1.12622018 
      1.34363640 
      1.56105263

      0.10000000 
      0.10000000 
      0.44331754 
      0.53854079 
      0.63376404 
      0.72898728 
      0.82421053

      0.10000000 
      0.22221711 
      0.19524737 
      0.16827763 
      0.14130789 
      0.11433816 
      0.10000000

      0.10000000 
      0.10000000 
      0.62051053 
      0.80301447 
      0.98551842 
      1.16802237 
      1.35052632

      0.10181842 
      0.31212939 
      0.37244035 
      0.43275132 
      0.49306228 
      0.55337325 
      0.61368421

      0.12813421 
      0.18625219 
      0.12437018 
      0.10000000 
      0.10000000 
      1.60705746 
      1.87684211

      0.15445000 
      0.10000000 
      0.54963333 
      0.69722500 
      0.84481667 
      0.99240833 
      1.14000000

      0.18076579 
      0.27616447 
      0.30156316 
      0.32696184 
      0.35236053 
      0.37775921 
      0.40315789


      0.10000000 
      0.10000000 
      0.10000000 
      0.10000000 
      0.10000000 
      0.10680000 
      0.13333333

      0.10000000 
      0.21645614 
      0.45246316 
      0.68847018 
      0.92447719 
      1.16048421 
      1.39649123

      0.10000000 
      0.10000000 
      0.20439298 
      0.31820702 
      0.43202105 
      0.54583509 
      0.65964912

      0.10000000 
      0.30636842 
      0.62965614 
      0.95294386 
      1.27623158 
      1.59951930 
      1.92280702

      0.10000000 
      0.33074123 
      0.40911930 
      0.58268070 
      0.78377544 
      0.98487018 
      1.18596491

      0.10000000 
      0.20486404 
      0.16104912 
      0.21241754 
      0.29131930 
      0.37022105 
      0.44912281

      0.10000000 
      0.10000000 
      0.58631228 
      0.84715439 
      1.13552982 
      1.42390526 
      1.71228070

      0.10000000 
      0.29477632 
      0.33824211 
      0.47689123 
      0.64307368 
      0.80925614 
      0.97543860

      0.10000000 
      0.16889912 
      0.10000000 
      0.10000000 
      1.26938421 
      1.52232368 
      6.23859649

      0.10000000 
      0.10000000 
      0.51543509 
      0.64618158 
      0.77692807 
      0.90767456 
     11.50175439

      0.10000000 
      0.25881140 
      0.26736491 
      0.27591842 
      0.28447193 
      0.29302544 
     16.76491228

      0.10000000 
      0.13293421 
      0.10000000 
      0.91065526 
      1.12868246 
      1.34670965 
      1.56473684

      0.10000000 
      0.10000000 
      0.44455789 
      0.54039211 
      0.63622632 
      0.73206053 
      0.82789474

      0.10000000 
      0.22284649 
      0.19648772 
      0.17012895 
      0.14377018 
      0.11741140 
      0.10000000

      0.10000000 
      0.10000000 
      0.62175088 
      0.80486579 
      0.98798070 
      1.17109561 
      1.35421053

      0.10000000 
      0.31275877 
      0.37368070 
      0.43460263 
      0.49552456 
      0.55644649 
      0.61736842

      0.10000000 
      0.18688158 
      0.12561053 
      0.10000000 
      0.10000000 
      1.61013070 
      1.88052632

      0.10000000 
      0.10000000 
      0.55087368 
      0.69907632 
      0.84727895 
      0.99548158 
      1.14368421

      0.12078421 
      0.27679386 
      0.30280351 
      0.32881316 
      0.35482281 
      0.38083246 
      0.40684211

      0.14710000 
      0.15091667 
      0.10000000 
      0.96355000 
      1.19903333 
      1.43451667 
      1.67000000

      0.17341579 
      0.10000000 
      0.47999649 
      0.59328684 
      0.70657719 
      0.81986754 
      0.93315789


      0.10000000 
      0.10145833 
      0.22583333 
      0.35020833 
      0.47458333 
      0.59895833 
      0.72333333

      0.10000000 
      0.31724781 
      0.65109649 
      0.98494518 
      1.31879386 
      1.65264254 
      1.98649123

      0.10000000 
      0.19137061 
      0.40302632 
      0.61468202 
      0.82633772 
      1.03799342 
      1.24964912

      0.10000000 
      0.10000000 
      0.15495614 
      0.24441886 
      0.33388158 
      0.42334430 
      0.51280702

      0.10000000 
      0.10000000 
      0.58021930 
      0.87915570 
      1.17809211 
      1.47702851 
      1.77596491

      0.10000000 
      0.29540570 
      0.33948246 
      0.50889254 
      0.68563596 
      0.86237939 
      1.03912281

      0.10000000 
      0.16952851 
      0.10000000 
      0.13862939 
      0.19317982 
      0.24773026 
      0.30228070

      0.10000000 
      0.10000000 
      0.51667544 
      2.78336623 
      3.71072368 
      4.63808114 
      5.56543860

      0.10000000 
      0.25944079 
      0.26860526 
      0.27776974 
      0.28693421 
      0.29609868 
     10.82859649

      0.10000000 
      0.13356360 
      0.10000000 
      0.91250658 
      1.13114474 
      1.34978289 
     16.09175439

      0.10000000 
      0.10000000 
      0.44579825 
      0.54224342 
      0.63868860 
      0.73513377 
     21.35491228

      0.10000000 
      0.22347588 
      0.19772807 
      0.17198026 
      0.14623246 
      0.12048465 
      0.10000000

      0.10000000 
      0.10000000 
      0.62299123 
      0.80671711 
      0.99044298 
      1.17416886 
      1.35789474

      0.10000000 
      0.31338816 
      0.37492105 
      0.43645395 
      0.49798684 
      0.55951974 
      0.62105263

      0.10000000 
      0.18751096 
      0.12685088 
      0.10000000 
      0.10000000 
      1.61320395 
      1.88421053

      0.10000000 
      0.10000000 
      0.55211404 
      0.70092763 
      0.84974123 
      0.99855482 
      1.14736842

      0.10000000 
      0.27742325 
      0.30404386 
      0.33066447 
      0.35728509 
      0.38390570 
      0.41052632

      0.10000000 
      0.15154605 
      0.10000000 
      0.96540132 
      1.20149561 
      1.43758991 
      1.67368421

      0.11343421 
      0.10000000 
      0.48123684 
      0.59513816 
      0.70903947 
      0.82294079 
      0.93684211

      0.13975000 
      0.24145833 
      0.23316667 
      0.22487500 
      0.21658333 
      0.20829167 
      0.20000000

      0.16606579 
      0.11558114 
      0.65842982 
      0.85961184 
      1.06079386 
      1.26197588 
      1.46315789


      0.10000000 
      0.20225000 
      0.42446667 
      0.64668333 
      0.86890000 
      1.09111667 
      1.31333333

      0.10000000 
      0.10000000 
      0.17639649 
      0.27642018 
      0.37644386 
      0.47646754 
      0.57649123

      0.10000000 
      0.29216228 
      0.60165965 
      0.91115702 
      1.22065439 
      1.53015175 
      1.83964912

      0.10000000 
      0.16628509 
      0.35358947 
      0.54089386 
      0.72819825 
      0.91550263 
      1.10280702

      0.10000000 
      0.10000000 
      0.10551930 
      0.17063070 
      0.23574211 
      0.30085351 
      0.36596491

      0.10000000 
      0.10000000 
      0.51791579 
      0.80536754 
      1.07995263 
      1.35453772 
      1.62912281

      0.10000000 
      0.26007018 
      0.26984561 
      2.44510439 
      3.26082982 
      4.07655526 
      4.89228070

      0.10000000 
      0.13419298 
      0.10000000 
      5.08984123 
      6.77837368 
      8.46690614 
     10.15543860

      0.10000000 
      0.10000000 
      0.44703860 
      7.73457807 
     10.29591754 
     12.85725702 
     15.41859649

      0.10000000 
      0.22410526 
      0.19896842 
      0.17383158 
      0.14869474 
     17.24760789 
     20.68175439

      0.10000000 
      0.10000000 
      0.62423158 
      0.80856842 
      0.99290526 
      1.17724211 
      0.10000000

      0.10000000 
      0.31401754 
      0.37616140 
      0.43830526 
      0.50044912 
      0.56259298 
      1.30807018

      0.10000000 
      0.18814035 
      0.12809123 
      0.10000000 
      0.10000000 
      1.61627719 
      1.88789474

      0.10000000 
      0.10000000 
      0.55335439 
      0.70277895 
      0.85220351 
      1.00162807 
      1.15105263

      0.10000000 
      0.27805263 
      0.30528421 
      0.33251579 
      0.35974737 
      0.38697895 
      0.41421053

      0.10000000 
      0.15217544 
      0.10000000 
      0.96725263 
      1.20395789 
      1.44066316 
      1.67736842

      0.10000000 
      0.10000000 
      0.48247719 
      0.59698947 
      0.71150175 
      0.82601404 
      0.94052632

      0.10000000 
      0.24208772 
      0.23440702 
      0.22672632 
      0.21904561 
      0.21136491 
      0.20368421

      0.10608421 
      0.11621053 
      0.65967018 
      0.86146316 
      1.06325614 
      1.26504912 
      1.46684211

      0.13240000 
      0.33200000 
      0.41160000 
      0.49120000 
      0.57080000 
      0.65040000 
      0.73000000

      0.15871579 
      0.20612281 
      0.16352982 
      0.12093684 
      0.10000000 
      0.10000000 
      1.99315789


      0.10000000 
      0.30304167 
      0.62310000 
      0.94315833 
      1.26321667 
      1.58327500 
      1.90333333

      0.10000000 
      0.17716447 
      0.37502982 
      0.57289518 
      0.77076053 
      0.96862588 
      1.16649123

      0.10000000 
      0.10000000 
      0.12695965 
      0.20263202 
      0.27830439 
      0.35397675 
      0.42964912

      0.10000000 
      0.26707675 
      0.55222281 
      0.83736886 
      1.12251491 
      1.40766096 
      1.69280702

      0.10000000 
      0.14119956 
      0.30415263 
      0.46710570 
      0.63005877 
      0.79301184 
      0.95596491

      0.10000000 
      0.13482237 
      0.10000000 
      2.10684254 
      2.81093596 
      3.51502939 
      4.21912281

      0.10000000 
      0.10000000 
      0.44827895 
      4.75157939 
      6.32847982 
      7.90538026 
      9.48228070

      0.10000000 
      0.22473465 
      0.20020877 
      7.39631623 
      9.84602368 
     12.29573114 
     14.74543860

      0.10000000 
      0.10000000 
      0.62547193 
     10.04105307 
     13.36356754 
     16.68608202 
     20.00859649

      0.10000000 
      0.31464693 
      0.37740175 
     12.68578991 
     16.88111140 
     21.07643289 
     25.27175439

      0.10000000 
      0.18876974 
      0.12933158 
      0.10000000 
      0.10000000 
      1.61935044 
      0.63491228

      0.10000000 
      0.10000000 
      0.55459474 
      0.70463026 
      0.85466579 
      1.00470132 
      5.89807018

      0.10000000 
      0.27868202 
      0.30652456 
      0.33436711 
      0.36220965 
      0.39005219 
      0.41789474

      0.10000000 
      0.15280482 
      0.10000000 
      0.96910395 
      1.20642018 
      1.44373640 
      1.68105263

      0.10000000 
      0.10000000 
      0.48371754 
      0.59884079 
      0.71396404 
      0.82908728 
      0.94421053

      0.10000000 
      0.24271711 
      0.23564737 
      0.22857763 
      0.22150789 
      0.21443816 
      0.20736842

      0.10000000 
      0.11683991 
      0.66091053 
      0.86331447 
      1.06571842 
      1.26812237 
      1.47052632

      0.10000000 
      0.33262939 
      0.41284035 
      0.49305132 
      0.57326228 
      0.65347325 
      0.73368421

      0.10000000 
      0.20675219 
      0.16477018 
      0.12278816 
      0.10000000 
      0.10000000 
      1.99684211

      0.12505000 
      0.10000000 
      0.59003333 
      0.75752500 
      0.92501667 
      1.09250833 
      1.26000000

      0.15136579 
      0.29666447 
      0.34196316 
      0.38726184 
      0.43256053 
      0.47785921 
      0.52315789


      0.10000000 
      0.10000000 
      0.14840000 
      0.23463333 
      0.32086667 
      0.40710000 
      0.49333333

      0.10000000 
      0.27795614 
      0.57366316 
      0.86937018 
      1.16507719 
      1.46078421 
      1.75649123

      0.10000000 
      0.15207895 
      0.32559298 
      0.49910702 
      0.67262105 
      0.84613509 
      1.01964912

      0.10000000 
      0.10000000 
      0.10000000 
      0.12884386 
      0.18016491 
      0.23148596 
      0.28280702

      0.10000000 
      0.58365789 
      1.17611930 
      1.76858070 
      2.36104211 
      2.95350351 
      3.54596491

      0.10000000 
      0.22536404 
      0.20144912 
      4.41331754 
      5.87858596 
      7.34385439 
      8.80912281

      0.10000000 
      0.10000000 
      0.62671228 
      7.05805439 
      9.39612982 
     11.73420526 
     14.07228070

      0.10000000 
      0.31527632 
      0.37864211 
      9.70279123 
     12.91367368 
     16.12455614 
     19.33543860

      0.10000000 
      0.18939912 
      0.13057193 
     12.34752807 
     16.43121754 
     20.51490702 
     24.59859649

      0.10000000 
      0.10000000 
      0.55583509 
      0.14841491 
      0.20619474 
      0.26397456 
      0.32175439

      0.10000000 
      0.27931140 
      0.30776491 
      0.33621842 
      0.36467193 
      0.39312544 
      5.22491228

      0.10000000 
      0.15343421 
      0.10000000 
      0.97095526 
      1.20888246 
      1.44680965 
     10.48807018

      0.10000000 
      0.10000000 
      0.48495789 
      0.60069211 
      0.71642632 
      0.83216053 
     15.75122807

      0.10000000 
      0.24334649 
      0.23688772 
      0.23042895 
      0.22397018 
      0.21751140 
     21.01438596

      0.10000000 
      0.11746930 
      0.66215088 
      0.86516579 
      1.06818070 
      1.27119561 
      1.47421053

      0.10000000 
      0.33325877 
      0.41408070 
      0.49490263 
      0.57572456 
      0.65654649 
      0.73736842

      0.10000000 
      0.20738158 
      0.16601053 
      0.12463947 
      0.10000000 
      0.10000000 
      0.10000000

      0.10000000 
      0.10000000 
      0.59127368 
      0.75937632 
      0.92747895 
      1.09558158 
      1.26368421

      0.10000000 
      0.29729386 
      0.34320351 
      0.38911316 
      0.43502281 
      0.48093246 
      0.52684211

      0.11770000 
      0.17141667 
      0.10000000 
      0.10000000 
      1.27923333 
      1.53461667 
      1.79000000

      0.14401579 
      0.10000000 
      0.52039649 
      0.65358684 
      0.78677719 
      0.91996754 
      1.05315789


      0.10000000 
      0.16295833 
      0.34703333 
      0.53110833 
      0.71518333 
      0.89925833 
      1.08333333

      0.10000000 
      0.10000000 
      0.10000000 
      0.16084518 
      0.22272719 
      0.28460921 
      0.34649123

      0.10000000 
      0.25287061 
      0.52422632 
      0.79558202 
      1.06693772 
      1.33829342 
      1.60964912

      0.10000000 
      0.46866009 
      0.94948947 
      1.43031886 
      1.91114825 
      2.39197763 
      2.87280702

      0.10000000 
      1.36778289 
      2.72141930 
      4.07505570 
      5.42869211 
      6.78232851 
      8.13596491

      0.10000000 
      2.26690570 
      4.49334912 
      6.71979254 
      8.94623596 
     11.17267939 
     13.39912281

      0.10000000 
      0.19002851 
      0.13181228 
      9.36452939 
     12.46377982 
     15.56303026 
     18.66228070

      0.10000000 
      0.10000000 
      0.55707544 
     12.00926623 
     15.98132368 
     19.95338114 
     23.92543860

      0.10000000 
      0.27994079 
      0.30900526 
      0.63425307 
      0.85236754 
      1.07048202 
      1.28859649

      0.10000000 
      0.15406360 
      0.10000000 
      2.27398991 
      3.03324474 
      3.79249956 
      4.55175439

      0.10000000 
      0.10000000 
      0.48619825 
      0.60254342 
      6.55078860 
      8.18285044 
      9.81491228

      0.10000000 
      0.24397588 
      0.23812807 
      0.23228026 
      0.22643246 
      0.22058465 
     15.07807018

      0.10000000 
      0.11809868 
      0.66339123 
      0.86701711 
      1.07064298 
      1.27426886 
     20.34122807

      0.10000000 
      0.33388816 
      0.41532105 
      0.49675395 
      0.57818684 
      0.65961974 
     25.60438596

      0.10000000 
      0.20801096 
      0.16725088 
      0.12649079 
      0.10000000 
      0.10000000 
      1.58754386

      0.10000000 
      0.10000000 
      0.59251404 
      0.76122763 
      0.92994123 
      1.09865482 
      1.26736842

      0.10000000 
      0.29792325 
      0.34444386 
      0.39096447 
      0.43748509 
      0.48400570 
      0.53052632

      0.10000000 
      0.17204605 
      0.10000000 
      0.10000000 
      1.28169561 
      1.53768991 
      1.79368421

      0.10000000 
      0.10000000 
      0.52163684 
      0.65543816 
      0.78923947 
      0.92304079 
      1.05684211

      0.11035000 
      0.26195833 
      0.27356667 
      0.28517500 
      0.29678333 
      0.30839167 
      0.32000000

      0.13666579 
      0.13608114 
      0.10000000 
      0.91991184 
      1.14099386 
      1.36207588 
      1.58315789


      0.10000000 
      0.26375000 
      0.54566667 
      0.82758333 
      1.10950000 
      1.39141667 
      1.67333333

      0.10000000 
      0.13787281 
      0.29759649 
      0.45732018 
      0.61704386 
      0.77676754 
      0.93649123

      0.10000000 
      0.35366228 
      0.72285965 
      1.09205702 
      1.46125439 
      1.83045175 
      2.19964912

      0.10000000 
      1.25278509 
      2.49478947 
      3.73679386 
      4.97879825 
      6.22080263 
      7.46280702

      0.10000000 
      2.15190789 
      4.26671930 
      6.38153070 
      8.49634211 
     10.61115351 
     12.72596491

      0.10000000 
      3.05103070 
      6.03864912 
      9.02626754 
     12.01388596 
     15.00150439 
     17.98912281

      0.10000000 
      0.28057018 
      0.31024561 
     11.67100439 
     15.53142982 
     19.39185526 
     23.25228070

      0.10000000 
      0.15469298 
      0.10000000 
      0.29599123 
      0.40247368 
      0.50895614 
      0.61543860

      0.10000000 
      0.10000000 
      0.48743860 
      1.93572807 
      2.58335088 
      3.23097368 
      3.87859649

      0.10000000 
      0.24460526 
      0.23936842 
      4.58046491 
      6.10089474 
      7.62132456 
      9.14175439

      0.10000000 
      0.11872807 
      0.66463158 
      7.22520175 
      9.61843860 
     12.01167544 
     14.40491228

      0.10000000 
      0.33451754 
      0.41656140 
      0.49860526 
     13.13598246 
     16.40202632 
     19.66807018

      0.10000000 
      0.20864035 
      0.16849123 
      0.12834211 
      0.10000000 
      0.10000000 
     24.93122807

      0.10000000 
      0.10000000 
      0.59375439 
      0.76307895 
      0.93240351 
      1.10172807 
      0.91438596

      0.10000000 
      0.29855263 
      0.34568421 
      0.39281579 
      0.43994737 
      0.48707895 
      5.45754386

      0.10000000 
      0.17267544 
      0.10000000 
      0.10000000 
      1.28415789 
      1.54076316 
      1.79736842

      0.10000000 
      0.10000000 
      0.52287719 
      0.65728947 
      0.79170175 
      0.92611404 
      1.06052632

      0.10000000 
      0.26258772 
      0.27480702 
      0.28702632 
      0.29924561 
      0.31146491 
      0.32368421

      0.10000000 
      0.13671053 
      0.10000000 
      0.92176316 
      1.14345614 
      1.36514912 
      1.58684211

      0.10300000 
      0.10000000 
      0.45200000 
      0.55150000 
      0.65100000 
      0.75050000 
      0.85000000

      0.12931579 
      0.22662281 
      0.20392982 
      0.18123684 
      0.15854386 
      0.13585088 
      0.11315789


