 asset state grid
      0.00000000 
      2.50000000 
      5.00000000 
      7.50000000 
     10.00000000 
     12.50000000 
     15.00000000 
     17.50000000 
     20.00000000 
     22.50000000 
     25.00000000 
     27.50000000 
     30.00000000 
     32.50000000 
     35.00000000 
     37.50000000 
     40.00000000 
     42.50000000 
     45.00000000 
     47.50000000 
     50.00000000 
 
 asset policy grid
      0.00000000 
      1.00000000 
      2.00000000 
      3.00000000 
      4.00000000 
      5.00000000 
      6.00000000 
      7.00000000 
      8.00000000 
      9.00000000 
     10.00000000 
     11.00000000 
     12.00000000 
     13.00000000 
     14.00000000 
     15.00000000 
     16.00000000 
     17.00000000 
     18.00000000 
     19.00000000 
     20.00000000 
     21.00000000 
     22.00000000 
     23.00000000 
     24.00000000 
     25.00000000 
     26.00000000 
     27.00000000 
     28.00000000 
     29.00000000 
     30.00000000 
     31.00000000 
     32.00000000 
     33.00000000 
     34.00000000 
     35.00000000 
     36.00000000 
     37.00000000 
     38.00000000 
     39.00000000 
     40.00000000 
     41.00000000 
     42.00000000 
     43.00000000 
     44.00000000 
     45.00000000 
     46.00000000 
     47.00000000 
     48.00000000 
     49.00000000 
     50.00000000 
 
 durable state grid
      0.00000000 
      3.00000000 
      6.00000000 
      9.00000000 
     12.00000000 
     15.00000000 
     18.00000000 
     21.00000000 
     24.00000000 
     27.00000000 
     30.00000000 
     33.00000000 
     36.00000000 
     39.00000000 
     42.00000000 
     45.00000000 
     48.00000000 
     51.00000000 
     54.00000000 
     57.00000000 
     60.00000000 
 
 durable policy grid
      0.00000000 
      0.01000000 
      2.96400000 
      3.00000000 
      5.92800000 
      6.00000000 
      6.67444444 
      8.89200000 
      9.00000000 
     11.85600000 
     12.00000000 
     13.33888889 
     14.82000000 
     15.00000000 
     17.78400000 
     18.00000000 
     20.00333333 
     20.74800000 
     21.00000000 
     23.71200000 
     24.00000000 
     26.66777778 
     26.67600000 
     27.00000000 
     29.64000000 
     30.00000000 
     32.60400000 
     33.00000000 
     33.33222222 
     35.56800000 
     36.00000000 
     38.53200000 
     39.00000000 
     39.99666667 
     41.49600000 
     42.00000000 
     44.46000000 
     45.00000000 
     46.66111111 
     47.42400000 
     48.00000000 
     50.38800000 
     51.00000000 
     53.32555556 
     53.35200000 
     54.00000000 
     56.31600000 
     57.00000000 
     59.28000000 
     59.99000000 
     60.00000000 
 
 exchange rate grid
      0.00995025 
      0.33996683 
      0.66998342 
      1.00000000 
      1.33001658 
      1.66003317 
      1.99004975 
 
 transition matrix
      0.98347707      0.92942549      0.79146806      0.56021946      0.30556036      0.12130774      0.03373920
      0.01565343      0.06384761      0.17350217      0.31502252      0.38291228      0.31179732      0.16996176
      0.00085148      0.00646814      0.03256440      0.10904066      0.24361559      0.36405657      0.36439381
      0.00001787      0.00025487      0.00239630      0.01490527      0.06155198      0.16932731      0.31121146
      0.00000014      0.00000386      0.00006831      0.00079559      0.00611965      0.03119474      0.10574805
      0.00000000      0.00000002      0.00000075      0.00001638      0.00023660      0.00225265      0.01418753
      0.00000000      0.00000000      0.00000000      0.00000013      0.00000354      0.00006368      0.00075820
