-11536303903.23097229 
-11536251256.02275848 
-11536091544.60380745 
-11535713242.41487885 
-11534966580.41510391 
-11533670393.20527458 
-11531623035.82390404

-11536303903.23097229 
-10913484078.84115028 
-10834909736.33466721 
-10710517671.17713737 
-10574615926.22212791 
-10463573353.54785728 
-10382066842.69803238

-10946733667.78009605 
-10344254482.68914413 
-10248343263.94699097 
-10095136547.13266945 
-9924418331.62223053 
-9778907243.68242455 
-9664242878.57201004

-10384668652.37337875 
-9927232811.06837082 
-9849618364.91145515 
-9725369800.92108536 
-9586270261.00100327 
-9466559560.40996552 
-9370786609.70609283

-9959903235.65093422 
-9411087334.56016350 
-9323814580.26625252 
-9184399909.97166252 
-9029033609.47903252 
-8896578393.70408630 
-8792165624.44602013

-9447860429.59948540 
-8804984410.94958115 
-8707790726.01286507 
-8552816896.92202187 
-8380807809.91803741 
-8235394735.13573647 
-8122308068.70649052

-8845975013.39686203 
-8358539065.86024475 
-8281024869.29522324 
-8157191191.47848320 
-8019161099.21585560 
-7901425240.86175632 
-7808541731.36734390

-8391199644.05428982 
-7820210298.56160259 
-7733864742.60831261 
-7596187908.34762573 
-7443378455.67832279 
-7314200832.80227184 
-7213745928.10304928

-7856625020.13288593 
-7423648436.43349361 
-7354704536.71980286 
-7244567834.87443161 
-7121825476.06148529 
-7017176172.24081326 
-6934673239.79511929

-7452698254.99197388 
-6940125230.45333004 
-6855119622.36062717 
-6719297887.45235729 
-6567868577.67323971 
-6438658469.75828838 
-6336682034.34534645

-6975939319.20800114 
-6354590642.65233707 
-6267446129.72544861 
-6128623115.62412167 
-5974844247.00670815 
-5845365232.48635483 
-5745282199.81898499

-6391358658.45695019 
-5951204329.75009155 
-5877486834.62590408 
-5759388447.12667274 
-5626963266.00829411 
-5512630516.30385303 
-5420719587.02159309

-5982223260.78415298 
-5434159301.08824253 
-5337151813.60822105 
-5182481215.91670227 
-5010827891.00434113 
-4865757886.11061954 
-4753004907.68761826

-5475071163.57743645 
-4769902769.11040020 
-4682968259.19241142 
-4544393485.58465862 
-4390672105.54533386 
-4260827964.38309050 
-4159874256.10672045

-4806571860.76562405 
-4364715539.45017719 
-4284857906.10768414 
-4156721765.91540813 
-4012468130.38191271 
-3886666275.54837799 
-3783467035.39138508

-4398295698.77749062 
-3812219259.50091791 
-3714477072.76623249 
-3550008429.61547518 
-3352309538.66104937 
-3170373824.44665194 
-3026191375.96226931

-3852143236.77445602 
-3287885330.61643028 
-2897973298.59140396 
-2777005417.63099098 
-2635418433.17022181 
-2507005245.03810167 
-2402042628.41027784

-3001855156.75904942 
-2587227451.74940968 
-2504216479.68636560 
-2373008089.53828812 
-2230175585.08172131 
-2114435093.90263057 
-2030819211.78344822

-2622380149.04056311 
-2020122144.81196690 
-1969092028.51098871 
-1889041968.37234044 
-1803364479.44819093 
-1736522892.80542254 
-1691474967.08057475

-2041809291.88282752 
-1783920846.60757017 
-1758385778.84629583 
-1718020257.08315301 
-1674059622.26168966 
-1638377456.23026991 
-1612459698.32442498

-1794733948.76270652 
-1695863080.65227509 
-1680178746.90239787 
-1655124174.92468500 
-1627204129.99868155 
-1603403494.51358747 
-1584644469.90621209


-11536303903.23097229 
-10913484092.36616516 
-10834909742.05740356 
-10710517674.89008331 
-10574615929.00075150 
-10463573355.78214645 
-10382066844.57410622

-10946733913.42118645 
-10567365028.44983101 
-10470565390.72044373 
-10316500810.69701004 
-10146183029.52842331 
-10003414696.42614555 
-9893918963.62523270

-10608223725.90684128 
-9927232814.83557510 
-9849618366.73822975 
-9725369802.15353966 
-9586270261.94059753 
-9466559561.17372513 
-9370786610.35197830

-9959903311.94140434 
-9411087376.86106682 
-9323814593.90267754 
-9184399918.29221535 
-9029033615.53833008 
-8896578398.50182533 
-8792165628.43480682

-9447861042.92897606 
-9015493970.28649712 
-8916348644.81490517 
-8758258626.80998039 
-8582782302.03590679 
-8434425357.88746929 
-8319032840.84837914

-9057306085.89910126 
-8358539071.48827457 
-8281024871.93927956 
-8157191193.24531364 
-8019161100.55662251 
-7901425241.94864559 
-7808541732.28483486

-8391199755.20668888 
-8007188415.54561043 
-7919128804.90510654 
-7596188028.24808121 
-7443378508.64680099 
-7314200867.45044804 
-7213745954.08004093

-8044325120.96380043 
-7423648438.79021168 
-7354704537.89578438 
-7244567835.67492199 
-7121825476.67441750 
-7017176172.74032593 
-6934673240.21825886

-7452698303.80707264 
-6940125239.99967670 
-6855119626.60214520 
-6719297890.24125195 
-6567868579.77339840 
-6438658471.45313931 
-6336682035.77182961

-6975939499.54134846 
-6570358315.22230911 
-6471952981.13199043 
-6315569535.46986485 
-6143254216.19801140 
-5999796232.02033997 
-5890965031.53253937

-6611924752.49106979 
-5951204332.92662811 
-5877486836.18378258 
-5759388448.18139553 
-5626963266.81375790 
-5512630516.95924282 
-5420719587.57620049

-5982223325.68993855 
-5434159322.40290833 
-5337151821.90055847 
-5182481221.18391514 
-5010827894.90811348 
-4865757889.23226357 
-4753004910.29936504

-5475071525.10529995 
-5014634483.59900093 
-4911551608.86325741 
-4748138182.94149971 
-4569037994.62762642 
-4421594787.90214348 
-4311733448.24937153

-5058227975.27860641 
-4364715544.00124359 
-4284857908.28398085 
-4156721767.37743139 
-4012468131.49422550 
-3886666276.45143461 
-3783467036.15445280

-4398295789.93069649 
-3812219541.17110062 
-3714477103.26306248 
-3550008446.23019981 
-3352309550.23634911 
-3170373833.39769793 
-3026191383.29528475

-3852144756.24538374 
-3287885332.68079233 
-3200861681.44647121 
-3053232628.01044226 
-2873730146.17911768 
-2706622802.61287022 
-2573965784.91465378

-3323253791.16325808 
-2587227458.92586422 
-2504216482.98008728 
-2373008091.72416782 
-2230175586.73503733 
-2114435095.24030399 
-2030819212.91120529

-2622380288.16709232 
-2228351420.29488802 
-2155883421.94459295 
-2042397137.90818715 
-1921407712.10707450 
-1827891876.84119964 
-1766059816.00729775

-2259173325.62598419 
-1783920849.32662344 
-1758385780.19237876 
-1718020257.99715471 
-1674059622.96068597 
-1638377456.79951048 
-1612459698.80640054

-1794734004.73305297 
-1695863080.92368126 
-1680178747.04723525 
-1655124175.02544546 
-1627204130.07666898 
-1603403494.57755351 
-1584644469.96062994

-1702471880.47630882 
-1695863079.77910495 
-1680178746.43213844 
-1655124174.59653306 
-1627204129.74430633 
-1603403494.30475378 
-1584644469.72844243


-10953087041.21927452 
-10567365031.84105873 
-10470565392.37663269 
-10316500811.81682968 
-10146183030.38305855 
-10003414697.12128258 
-9893918964.21332932

-10608223794.96986008 
-9927232841.65777969 
-9849618376.62896729 
-9725369808.35842133 
-9586270266.51387978 
-9466559564.81926727 
-9370786613.39588356

-9959903747.22761726 
-9575843357.68268394 
-9494263603.93921852 
-9363811191.51949692 
-9218113462.85786629 
-9093336091.91946602 
-8994268391.54349709

-9610200999.55085945 
-9015493975.22039604 
-8916348647.15906715 
-8758258628.38170052 
-8582782303.23054981 
-8434425358.85682774 
-8319032841.66717148

-9057306184.21542358 
-8581761689.77339268 
-8281024926.22285461 
-8157191218.89219570 
-8019161117.61971760 
-7901425254.84514713 
-7808541742.70668888

-8391202968.45688057 
-8007188417.71833134 
-7919128805.99386024 
-7778712577.58321190 
-7622845578.72897720 
-7491050645.24647999 
-7388519625.33757114

-8044325166.11734867 
-7423648446.77544785 
-7354704541.51898670 
-7244567838.07151508 
-7121825478.48425770 
-7017176174.20329285 
-6934673241.45090199

-7452698457.20581150 
-7110783252.25029182 
-7031669932.26503658 
-6905097546.50898075 
-6763582829.01534271 
-6642134457.28874969 
-6545423675.56291485

-7144093969.28798389 
-6570358318.10894299 
-6471952982.55603027 
-6315569536.43573952 
-6143254216.93628311 
-5999796232.62137413 
-5890965032.04132652

-6611924811.74700737 
-5951204348.84749603 
-5877486842.73989964 
-5759388452.40499020 
-5626963269.96421051 
-5512630519.48775482 
-5420719589.69672871

-5982223608.55574226 
-5632265257.39734745 
-5544690826.53969955 
-5404128334.24314213 
-5245899188.83138943 
-5108277674.34425068 
-4996566147.63710022

-5669080949.09589481 
-5014634487.64836025 
-4911551610.81677151 
-4748138184.25738430 
-4569037995.63005733 
-4421594788.71661377 
-4311733448.93793297

-5058228056.95021915 
-4364715608.86357784 
-4284857925.97022533 
-4156721777.86498404 
-4012468139.04136658 
-3886666282.38842297 
-3783467041.07011795

-4398296604.42916393 
-4020094665.35535145 
-3925203983.09403706 
-3770556980.45175123 
-3592577191.91743946 
-3434507269.05912638 
-3306493794.68996191

-4059625923.62167501 
-3287885338.85006857 
-3200861684.32055283 
-3053232629.92619944 
-2873730147.63115978 
-2706622803.78913784 
-2573965785.90713358

-3323253912.19458437 
-2737874192.62975550 
-2665758136.87227488 
-2550263866.86253357 
-2420900221.77329206 
-2309609323.98808670 
-2030820462.99421525

-2768222639.69580746 
-2228351422.78518581 
-2155883423.18353653 
-2042397138.75074577 
-1921407712.75192237 
-1827891877.36657977 
-1766059816.45226908

-2259173377.08730125 
-1783920860.18116760 
-1758385784.93526244 
-1718020261.10125375 
-1674059625.29310775 
-1638377458.67941356 
-1612459700.38732123

-1794734207.04890323 
-1695863081.28798580 
-1680178747.24063301 
-1655124175.15975428 
-1627204130.18053222 
-1603403494.66269922 
-1584644470.03304100

-1702471888.39728475 
-1695863079.85377693 
-1680178746.47260451 
-1655124174.62482953 
-1627204129.76626396 
-1603403494.32279158 
-1584644469.74380326

-1702471857.00154424 
-1695863079.45026684 
-1680178746.25339675 
-1655124174.47141862 
-1627204129.64717054 
-1603403494.22493434 
-1584644469.66045356


-4723718011.74986076 
-10135743636.67700005 
-10048980810.17968750 
-9910253171.27686501 
-9755344294.25556564 
-9622733400.39370537 
-9517514742.75188255

-4723718008.27420425 
-5279083468.51218319 
-7129832265.21229553 
-9363811192.92802429 
-9218113463.92998314 
-9093336092.79012871 
-8994268392.27932739

-4723718006.17547321 
-4778710901.95252037 
-4907810937.93828678 
-5203609993.77880859 
-5737930181.44355202 
-6526957507.86613846 
-7514974351.15843105

-4723718004.63678932 
-4727533823.59236431 
-4736196792.84504509 
-4775014294.47933674 
-4835318206.58997250 
-4938831846.56499290 
-5102903579.21636677

-4723718003.67178059 
-4723902858.03122234 
-4724876055.90951920 
-4726901476.54507828 
-4731328311.19312572 
-4740006764.77531815 
-4755070331.14295006

-4723718003.00694561 
-4723734143.57779503 
-4723776803.06645012 
-4723888822.84292603 
-4724130697.03007889 
-4724583553.09684849 
-4725359694.77183247

-4723718002.51952934 
-4723718796.98756981 
-4723722929.61178017 
-4723731187.20620155 
-4723748055.09514236 
-4723779335.75052452 
-4723833535.07276249

-4723718002.08912468 
-4723718070.24473000 
-4723718250.23485279 
-4723718719.95830059 
-4723719721.29136658 
-4723721557.83759975 
-4723724619.24567604

-4723718001.71994209 
-4723718005.69036770 
-4723718014.35485172 
-4723718034.51602554 
-4723718077.00673485 
-4723718254.38801575 
-4723718477.23665142

-4723718001.40690708 
-4723718000.42675686 
-4723718000.89390373 
-4723718001.86534214 
-4723718004.16043854 
-4723718008.61867237 
-4723718016.97009945

-4723718001.11480427 
-4723717999.58763313 
-4723717999.18356609 
-4723717998.77603436 
-4569038001.09072971 
-4421594793.05194473 
-4311733452.54842281

-4723718000.83794880 
-4525170985.49444389 
-4454384884.01870060 
-4340648772.17503262 
-4212306204.60775661 
-4100061131.40163422 
-4008015056.05630350

-4554914625.68487644 
-4020094670.72576475 
-3925203985.62744761 
-3770556982.14672232 
-3592577193.20443487 
-3434507270.10278749 
-3306493795.57116270

-4059626030.03244591 
-3604343841.74370098 
-3200861910.38618422 
-3053232682.82546043 
-2873730178.49205685 
-2706622825.83186913 
-2573965803.16679096

-3644660311.82935238 
-2737874194.91994715 
-2665758138.01678514 
-2550263867.64197254 
-2420900222.37024498 
-2309609324.47464514 
-2220993756.56183147

-2768222687.18925285 
-2228351431.73740292 
-2155883427.19238615 
-2042397141.39249134 
-1921407714.74334836 
-1827891878.97465992 
-1766059817.80625868

-2259173547.26243353 
-1871978609.54773307 
-1836592809.21802235 
-1780916338.15614581 
-1720915113.68770432 
-1673351417.26197982 
-1640274926.16078162

-1886995958.33141708 
-1695863081.80477142 
-1680178747.51295877 
-1655124175.34841561 
-1627204130.32625008 
-1603403494.78206968 
-1584644470.13450837

-1702471899.56901026 
-1695863079.93984962 
-1680178746.51919198 
-1655124174.65739274 
-1627204129.79152727 
-1603403494.34354234 
-1584644469.76147318

-1702471858.90148091 
-1695863079.48527479 
-1680178746.27246642 
-1655124174.48477674 
-1627204129.65754533 
-1603403494.23346138 
-1584644469.66771793

-1702471848.84566402 
-1695863079.27517414 
-1680178746.15787435 
-1655124174.40447307 
-1627204129.59516311 
-1603403494.18218231 
-1584644469.62402916


-2253154244.62976837 
-9575843412.74371338 
-9494263621.33881950 
-9363811202.15601540 
-9218113470.61646843 
-9093336098.06984329 
-8994268396.66113281

-2253154233.68495893 
-3133948805.27529383 
-4659268504.49430180 
-8971329267.78769684 
-8805907955.29852295 
-8665501875.42313194 
-8555599232.33229733

-2253154229.41718769 
-2330983087.37910223 
-2978704887.75303555 
-3838004914.18850279 
-5083696029.81464481 
-6682388671.25645638 
-7965424897.85086060

-2253154226.49704266 
-2266222733.22944021 
-2303233952.86851549 
-2402137759.21206141 
-2605867167.07344913 
-2942177755.20340919 
-3416122823.70494223

-2253154224.61283112 
-2254396376.42825460 
-2267202194.46851206 
-2293853705.59478331 
-2348791408.96577501 
-2442404228.25314522 
-2582139028.20885372

-2253154223.49497366 
-2253387195.75133085 
-2254099012.03034449 
-2256164983.08246279 
-2260919408.93734741 
-2270029645.53851604 
-2285446532.33154345

-2253154222.75079107 
-2253176271.69114304 
-2253229677.56442976 
-2253362641.15551662 
-2253647761.58408451 
-2254204656.20559978 
-2261627287.26168299

-2253154222.12327194 
-2253155740.78042030 
-2253162108.42077780 
-2253174898.46205854 
-2253200309.05691767 
-2253246877.36466837 
-2253332125.97548485

-2253154221.62726307 
-2253154377.71227789 
-2253154771.27789688 
-2253155761.47063971 
-2253157811.99856281 
-2253161498.67099047 
-2253167561.26403046

-2253154221.24980021 
-2253154233.26630878 
-2253154261.53362179 
-2253154369.04747963 
-2253154554.17998695 
-2253154889.46752596 
-2253155456.97805548

-2253154220.91076517 
-2253154221.32277107 
-2253154223.40849161 
-2253154229.23002577 
-2253154242.02766609 
-2253154266.95051289 
-2253154310.52104521

-2253154220.60336494 
-2253154219.48315907 
-2253154219.23572397 
-2253154219.43662739 
-2253154220.23919678 
-2253154222.01983166 
-2253154224.16445732

-2253154220.31616306 
-2253154218.78042936 
-2253154218.39527321 
-2253154218.09248257 
-2253154217.63133383 
-2253154217.30481148 
-2253154217.18222618

-2253154220.04194260 
-2253154218.35922146 
-2253154217.89304829 
-2253154217.40055704 
-2253154216.83763456 
-2253154216.37235880 
-2220993757.73686886

-2253154219.77770376 
-2253154218.04321146 
-2253154217.54545021 
-2195752310.78894329 
-2039450947.29869843 
-1919260862.92756248 
-1840644666.66360402

-2253154219.52412939 
-1871978612.34332728 
-1836592810.59976625 
-1780916339.09388804 
-1720915114.40467930 
-1673351417.84577656 
-1640274926.65503383

-1886996015.80424190 
-1695863082.59990811 
-1680178747.92728734 
-1655124175.63439846 
-1627204130.54673290 
-1603403494.96248913 
-1584644470.28775740

-1702471916.60790443 
-1695863080.04022574 
-1680178746.57344317 
-1655124174.69529486 
-1627204129.82092524 
-1603403494.36768556 
-1584644469.78203034

-1702471861.11467266 
-1695863079.52372241 
-1680178746.29339910 
-1655124174.49943709 
-1627204129.66893029 
-1603403494.24281836 
-1584644469.67568874

-1702471849.69822836 
-1695863079.29560828 
-1680178746.16903448 
-1655124174.41229749 
-1627204129.60124278 
-1603403494.18718052 
-1584644469.62828803

-1702471844.63450170 
-1695863079.16560841 
-1680178746.09798098 
-1655124174.36246896 
-1627204129.56252098 
-1603403494.15534353 
-1584644469.60115981


-1200278920.04879093 
-9213290655.68055534 
-9120081614.07307816 
-8971329269.41531754 
-8805907956.53507233 
-8665501876.42621613 
-8555599233.17942238

-1200278544.22635961 
-8804984315.65144539 
-8494407873.03487873 
-8355004073.24394035 
-8199984472.79771900 
-8068410001.40034199 
-7965424910.69207191

-1200278473.12051082 
-2043371869.07224441 
-3556071022.72724676 
-5840062963.14328766 
-7821003339.04539490 
-7696237943.11351776 
-7598530678.40273190

-1200278458.39674830 
-1584813958.67951608 
-2272479189.84864998 
-3387295231.57275581 
-4667930973.88407516 
-5821297241.11485386 
-6787794741.03298378

-1200278451.48245144 
-1248146268.03443265 
-1350251199.78759623 
-1563686526.87473869 
-1921635703.46327305 
-2434906846.12529850 
-3785000604.01579285

-1200278447.57874393 
-1205260211.55455232 
-1258210100.51464224 
-1341733682.14943981 
-1484678904.23821807 
-1696652457.05860615 
-1981134280.36923409

-1200278445.52786779 
-1202013792.93127918 
-1206452886.43013191 
-1217631682.12582946 
-1240329820.58424258 
-1279232689.98568392 
-1338570275.39763570

-1200278444.27804804 
-1200466723.49256802 
-1200902935.84333563 
-1205886239.15109444 
-1213937624.69608569 
-1228177660.19619274 
-1250250525.11769867

-1200278443.22541308 
-1200296322.52150822 
-1200466875.77340198 
-1200813119.55199718 
-1201611123.87320924 
-1203260787.05879712 
-1206262022.23170543

-1200278442.51669621 
-1200281598.58243561 
-1200291089.78793621 
-1200318376.58627534 
-1200381060.27816606 
-1200502811.80516028 
-1200716859.50007367

-1200278442.00726128 
-1200278737.47368503 
-1200279489.12374377 
-1200289121.90802479 
-1200305327.57957006 
-1200336800.31151938 
-1200392456.75784254

-1200278441.58635831 
-1200278476.32540751 
-1200278574.94538021 
-1200278891.83229399 
-1200279801.33303499 
-1200281996.90347457 
-1200286354.50917125

-1200278441.21156144 
-1200278444.82854867 
-1200278452.91720319 
-1200278472.72853684 
-1200278516.15721202 
-1200278605.93883848 
-1200278783.73210669

-1200278440.88958240 
-1200278440.46321917 
-1200278440.90734124 
-1200278442.61819673 
-1200278446.27022672 
-1200278453.01124358 
-1200278464.72736096

-1200278440.58926797 
-1200278439.38629866 
-1200278439.19477248 
-1200278439.37375998 
-1200278439.38774252 
-1200278439.52675366 
-1200278440.09928274

-1200278440.30618405 
-1200278438.76877451 
-1200278438.39044785 
-1200278438.05185032 
-1200278437.61527753 
-1200278437.30790353 
-1200278437.15237117

-1200278440.03687572 
-1200278438.40156174 
-1200278437.94624114 
-1200278437.46037197 
-1200278436.93398285 
-1200278436.50786924 
-1200278436.19621658

-1200278439.77981925 
-1200278438.09750175 
-1200278437.60926080 
-1200278437.06828499 
-1200278436.50562859 
-1200278436.01992249 
-1200278435.59094429

-1200278439.52096581 
-1200278437.81228995 
-1200278437.31881976 
-1200278436.76786447 
-1200278436.17713523 
-1200278435.64628053 
-1200278435.21124125

-1200278439.27499056 
-1200278437.55556822 
-1200278437.05596066 
-1200278436.48600364 
-1200278435.88614321 
-1200278435.35700560 
-1200278434.91358423

-1200278439.02581024 
-1200278437.29170895 
-1200278436.79209423 
-1200278436.23104239 
-1200278435.62217498 
-1200278435.07946849 
-1200278434.62932420


-693409491.33031905 
-8804984317.70923233 
-8707790703.18425179 
-8552816883.49150753 
-8380807800.27308464 
-8235394727.55457306 
-8122308062.43185520

-693404902.49572957 
-8182863749.20530128 
-8100076841.05995750 
-7967951886.79990578 
-7821003340.68953609 
-7696237944.44384003 
-7598530679.52433205

-693404359.64857399 
-1574201532.27600718 
-3099520724.28766346 
-5427417215.77126408 
-7443378453.67859745 
-7314200831.18037605 
-7213745926.73346710

-693404207.97490942 
-1101463197.81006503 
-2676223553.16211176 
-4619955771.87570953 
-6621733599.12535858 
-6829655315.36454296 
-6740048458.18688583

-693404155.72232771 
-769559259.72719824 
-936730891.81589663 
-1296013712.27988386 
-1910755674.60017371 
-2791564803.03841591 
-3886433542.91003895

-693404139.31103456 
-718757478.37934959 
-778907131.65067530 
-1076103058.94068003 
-1514165238.02664900 
-2169577690.18886185 
-2999400423.28799868

-693404132.35783708 
-697286858.17570603 
-713183805.82289565 
-744727769.10980284 
-806120043.71262825 
-913044973.63933229 
-1082664488.17559123

-693404128.20013463 
-694813569.19207168 
-698246008.91822839 
-706975295.21685112 
-726219987.20996463 
-763678545.18742633 
-827504463.07244229

-693404125.94059825 
-693621887.46402144 
-694142981.20466745 
-696774872.16326714 
-701180599.45817971 
-709069594.87734437 
-722011226.67107093

-693404124.67757654 
-693427953.33909094 
-693651984.89881170 
-694066493.07449079 
-694924030.57483077 
-696544011.36578190 
-699383405.15290761

-693404123.69305813 
-693412172.12740827 
-693433471.75380278 
-693490798.45922017 
-693620447.75180924 
-693874630.22855055 
-694317330.00431311

-693404122.95243812 
-693404999.37531173 
-693412436.60603714 
-693429276.03003454 
-693466448.74237406 
-693535968.70019078 
-693653208.68733549

-693404122.40450895 
-693404412.66319454 
-693405164.33744192 
-693407128.55955184 
-693411426.11627781 
-693419698.33765244 
-693434273.28796148

-693404121.91601717 
-693404154.10979939 
-693404228.34358132 
-693404406.09332824 
-693406354.06205976 
-693408972.61926270 
-693413562.91637647

-693404121.50830555 
-693404129.88212764 
-693404150.25909317 
-693404199.90432978 
-693404306.71943831 
-693404529.94635761 
-693404982.38084698

-693404121.16259134 
-693404121.98798966 
-693404123.86095655 
-693404128.42906678 
-693404137.62076104 
-693404154.35832500 
-693404183.25462425

-693404120.85066366 
-693404120.13200223 
-693404120.33971477 
-693404121.40228093 
-693404123.79609907 
-693404128.27034092 
-693404136.01363051

-693404120.55525219 
-693404119.21350408 
-693404118.99053299 
-693404118.90992796 
-693404118.84275055 
-693404118.87213385 
-693404119.27779341

-693404120.27744186 
-693404118.75920248 
-693404118.37002897 
-693404118.01076841 
-693404117.58435643 
-693404117.30677187 
-693404117.21124542

-693404120.01316297 
-693404118.41637790 
-693404117.95167971 
-693404117.47335291 
-693404116.96268034 
-693404116.54938853 
-693404116.24560308

-693404119.75011122 
-693404118.11241591 
-693404117.64203048 
-693404117.11043930 
-693404116.56581175 
-693404116.07741630 
-693404115.66934371


-598607274.77346683 
-8358539064.15324974 
-8281024868.43756962 
-8157191190.89341354 
-8019161098.76739502 
-7901425240.49605083 
-7598530950.82459927

-598580847.90597880 
-7820210292.70438862 
-7733864739.90916252 
-7596187906.55442429 
-7443378454.32135010 
-7314200831.70405769 
-7213745927.17700577

-598576864.95898914 
-1479390114.33028674 
-3004706354.70524693 
-5332598341.37484550 
-6942704155.59129620 
-6829655317.23178864 
-6740048459.75724983

-598576330.22717619 
-1321844501.45294952 
-2581538900.98167515 
-5332591030.58303642 
-6567868577.09537888 
-6438658469.28768444 
-6336682033.94688034

-598576128.57816350 
-681898825.31173289 
-888923464.20002270 
-1296783710.65223646 
-1970085124.77130294 
-2914269908.90208578 
-4081256106.03071547

-598576067.68278146 
-655269178.98663080 
-780906365.91729546 
-1056390856.33112299 
-1545326913.85027337 
-2281026805.35033464 
-3237605249.69918442

-598576050.67079282 
-606142957.58849633 
-623263305.35853672 
-675150326.48292410 
-762619006.81267428 
-906908826.03109539 
-1125025319.00593042

-598576042.90440929 
-601095493.50692260 
-612644065.09491265 
-635197783.86595285 
-679429757.08776903 
-757288761.17671180 
-882393330.57257640

-598576038.01446760 
-599131550.69014144 
-600450951.77211261 
-603631231.78889859 
-610095301.77290750 
-621749578.15000403 
-640917803.76874053

-598576035.73541594 
-598719028.92757022 
-599402603.90751469 
-600884326.56426203 
-603950107.01218259 
-609469987.56382012 
-618553278.45715451

-598576034.46895158 
-598612158.10702395 
-598697316.25481510 
-598901997.75032341 
-599320711.04578757 
-600090455.59913075 
-601395878.86983776

-598576033.42451704 
-598583727.16465676 
-598603429.28722179 
-598653913.51779759 
-598888296.14422905 
-599227182.16377270 
-599798060.34765935

-598576032.62622547 
-598577163.33693302 
-598582890.76794410 
-598594032.58764040 
-598616241.23970401 
-598656886.85635710 
-598727417.90418243

-598576032.02907312 
-598576360.83553004 
-598577159.05454469 
-598579145.68408430 
-598583441.92370927 
-598592132.72559023 
-598608868.39879262

-598576031.50342822 
-598576077.61195147 
-598576193.26683712 
-598576845.75440586 
-598577951.34221625 
-598579962.83316255 
-598583310.46757591

-598576031.09665322 
-598576043.54491472 
-598576073.06925392 
-598576144.33235407 
-598576292.71283925 
-598576576.92021489 
-598577086.60980797

-598576030.74421287 
-598576032.53581822 
-598576036.39537549 
-598576045.72871113 
-598576065.83993387 
-598576105.27463913 
-598576175.28920519

-598576030.42397285 
-598576030.01150572 
-598576030.75128496 
-598576032.96085823 
-598576037.59819806 
-598576046.05894530 
-598576060.46467888

-598576030.12534523 
-598576028.90173173 
-598576028.80059075 
-598576028.97942901 
-598576029.33809042 
-598576029.95282781 
-598576031.30130410

-598576029.85176003 
-598576028.41805196 
-598576028.04787123 
-598576027.77753282 
-598576027.46919489 
-598576027.37532997 
-598576027.56701350

-598576029.57991731 
-598576028.04421079 
-598576027.58617413 
-598576027.14429450 
-598576026.67097378 
-598576026.31015694 
-598576026.08396864


-386725857.01215655 
-7820210301.58989048 
-7733864743.89168549 
-7596187909.17948341 
-7443378456.30043411 
-7314200833.30228329 
-7213745928.52275944

-386651629.66385168 
-7423648436.73187447 
-7354704536.87147427 
-7244567834.97828102 
-7121825476.14123154 
-7017176172.30591393 
-6934673239.85032845

-386625780.34977067 
-1267498688.89319324 
-6855119622.75161839 
-6719297887.71553516 
-6567868577.87365150 
-6438658469.92108345 
-6336682034.48295403

-386618053.57962126 
-1267450661.23574996 
-2792763206.97621298 
-5120649554.87845802 
-5974844248.33521461 
-5845365233.54166889 
-5745282200.69808102

-386616612.88712960 
-544465997.85448265 
-982280002.99770582 
-3287351345.03716803 
-5347296760.12424850 
-5512630516.38493729 
-5420719587.09031296

-386615931.11489445 
-463523936.67000687 
-734308834.04577720 
-1272811784.74346018 
-2182101349.50243711 
-3383063561.86610365 
-4683533899.92644882

-386615790.98130965 
-404769038.56117511 
-449854319.19485420 
-568119571.45334065 
-835962868.45212531 
-1351555286.11601663 
-2164487184.12887573

-386615738.96946836 
-394432246.80130535 
-424658944.14660400 
-491772574.25041771 
-631745543.56280315 
-883053697.61400437 
-1273161632.53251576

-386615721.32362795 
-388579261.09729487 
-393114353.86832744 
-403803566.94316322 
-425413932.79454476 
-465446639.58378571 
-535345085.41133863

-386615712.40495998 
-387411098.24002379 
-389391658.97084606 
-394351115.14882481 
-411696811.96139616 
-437946516.90384036 
-482620104.89477867

-386615707.18005228 
-386772917.57629794 
-387287474.24902725 
-388354097.98214054 
-390419494.15370625 
-394050632.56831121 
-400073796.08166540

-386615704.62837315 
-386686735.49697697 
-386851705.96277314 
-387244180.62017328 
-388057268.12003899 
-389644714.75168467 
-392616510.18581849

-386615702.80189180 
-386629299.06254995 
-386661563.55292535 
-386779074.24284673 
-386985112.67533052 
-387348011.93434507 
-387936702.27028650

-386615701.49283123 
-386619501.85477024 
-386635796.85975021 
-386667924.52949458 
-386730778.51105595 
-386842918.04028845 
-387032309.60478169

-386615700.58449411 
-386616739.14209253 
-386619204.75303894 
-386625244.49252480 
-386637976.44668567 
-386662042.69947487 
-386703275.55880451

-386615699.87206644 
-386615950.79080260 
-386617068.75351602 
-386619530.12148982 
-386624611.21196121 
-386633699.18075919 
-386648527.82754344

-386615699.30116898 
-386615775.76143801 
-386615953.45696402 
-386616373.53960824 
-386617214.17223692 
-386618733.26514065 
-386621304.27072877

-386615698.85003012 
-386615716.58772832 
-386615759.60261196 
-386615866.78141379 
-386616090.88388556 
-386616520.27064556 
-386618126.43026197

-386615698.44384801 
-386615703.30720603 
-386615715.22552860 
-386615743.23979372 
-386615797.98104751 
-386615894.68618751 
-386616055.52364254

-386615698.09565771 
-386615698.66627896 
-386615701.12874120 
-386615706.42858714 
-386615717.10813403 
-386615736.42390287 
-386615769.34619004

-386615697.77974707 
-386615697.06351334 
-386615697.58423853 
-386615699.12792796 
-386615702.45909369 
-386615708.51226783 
-386615718.58231741


-262874553.88574082 
-7423648439.51692963 
-7354704538.24831390 
-7244567835.91275978 
-7121825476.85573578 
-7017176172.88770962 
-6934673240.34289360

-262257468.64703482 
-6940125245.68314171 
-6855119628.78972626 
-6719297891.62248611 
-6567868580.79379368 
-6438658472.26747131 
-6336682036.45222569

-262164770.60918099 
-6570358315.57294083 
-6471952981.30898094 
-6315569535.59077930 
-6143254216.29076004 
-5999796232.09600544 
-5890965031.59668064

-262086183.07030216 
-1143106515.93972111 
-2668540434.75936508 
-4996319061.01349449 
-5626963267.07199860 
-5512630517.16862583 
-5420719587.75297070

-262071669.54517862 
-1095386626.24265265 
-2550126568.96025038 
-4800033321.52056789 
-5010827897.89130688 
-4865757891.55666924 
-4753004912.21181679

-262066977.56794748 
-496929421.89994192 
-1703797359.58499336 
-3185727008.68240595 
-4569037994.74555874 
-4421594787.99824333 
-4311733448.33077240

-262065414.70775086 
-347702782.11345512 
-529610121.04106879 
-908168397.28250813 
-1539724122.03647280 
-2438335696.32076979 
-3566420567.24747992

-262064930.89780179 
-302409280.26908237 
-398829601.72559786 
-624009930.34948444 
-1258364904.12170029 
-2006911021.82580447 
-2963123054.30782652

-262064777.67087269 
-270694793.35494357 
-321879387.03176671 
-424048299.63214755 
-618503968.94754624 
-923262523.91949332 
-1335336512.68355274

-262064705.27526364 
-267134164.47612178 
-278608134.89444226 
-304857737.00992221 
-355823366.24841189 
-446284099.96007013 
-597245196.64293027

-262064688.51768300 
-263239580.59759292 
-266421998.32756767 
-284134062.10952795 
-312731219.42651409 
-365057894.78341126 
-453360161.87892944

-262064678.11657032 
-262502167.18727091 
-264275968.36067930 
-268078178.87740374 
-275764416.19320381 
-289415612.49639261 
-311622159.12250483

-262064671.21730033 
-262192696.89535934 
-262513260.79606277 
-263373273.69272575 
-265417083.17591596 
-269706031.40284610 
-277510197.08798343

-262064668.32657611 
-262108686.73706394 
-262299752.02137262 
-262733798.31195134 
-263689558.20874605 
-265543712.32900980 
-268762012.11271340

-262064666.57823136 
-262077928.39121696 
-262108669.23535919 
-262181587.92485467 
-262330691.58717889 
-262612084.07264245 
-263117172.80866244

-262064665.19053504 
-262069172.20786545 
-262080653.67371729 
-262110070.05212751 
-262172920.81045428 
-262291047.50369158 
-262688090.49798974

-262064664.19165289 
-262065660.39383727 
-262069045.87977216 
-262076015.09959549 
-262089545.72254997 
-262113431.66676030 
-262153289.94809863

-262064663.34421909 
-262065058.59696460 
-262065976.29302189 
-262068147.45825428 
-262072522.02545071 
-262080530.08849818 
-262094369.28354588

-262064662.74628407 
-262064746.37355840 
-262064945.57822150 
-262065512.56664446 
-262066994.57337978 
-262069300.57160386 
-262073044.19688389

-262064662.30965206 
-262064692.48339507 
-262064771.25160038 
-262064945.85784242 
-262065285.82495326 
-262065887.05851588 
-262066888.99393696

-262064661.97601894 
-262064668.32613927 
-262064682.95166749 
-262064717.55037025 
-262064788.18130058 
-262064921.25727823 
-262065156.95134443


-184140186.50383586 
-7110783252.57666683 
-7031669932.43030643 
-6905097546.62200260 
-6763582829.10208035 
-6642134457.35953331 
-6545423675.62292862

-182850373.40188441 
-6570358319.05766964 
-6471952983.00777912 
-6315569536.73877144 
-6143254217.16665840 
-5999796232.80832481 
-5890965032.19924927

-182360520.06958967 
-5951204363.81578350 
-5877486847.38577652 
-5759388455.18923855 
-5626963271.97321320 
-5512630521.06968307 
-5420719591.00707245

-182285370.83907667 
-1064125102.67226577 
-2589581958.72237730 
-4917052365.82707405 
-5245899188.94069576 
-5108277674.43335438 
-4996566147.71259403

-182198635.29811510 
-1063423590.37611938 
-2588661510.11673260 
-4748138184.71543312 
-4569037995.97631073 
-4421594788.99666309 
-4311733449.17397881

-182182797.37528813 
-748072516.74328029 
-1742184187.22268271 
-3302130880.30352974 
-4012468152.80317974 
-3886666292.32886410 
-3783467048.88141584

-182171785.05441311 
-275075611.10445648 
-472442380.58365709 
-880021807.35874128 
-1552787008.77711415 
-2496174497.11131716 
-3306493794.78801727

-182168468.00353444 
-260452877.09028080 
-427071924.00506610 
-774568355.59023452 
-1357118577.89425254 
-2199195585.09106779 
-2573965786.30122566

-182167625.18459806 
-210970704.82008016 
-273450671.28767371 
-550373102.68382001 
-930031761.89432573 
-1516213294.73511076 
-2220993756.20366001

-182167147.63519606 
-190718761.41514674 
-212246118.37171391 
-258183911.11539620 
-342754598.57797629 
-481268017.41673905 
-690971793.28897810

-182167022.18550533 
-187238755.16056818 
-198738808.49873590 
-225315212.35749176 
-277594532.47225964 
-369751172.43026513 
-517024094.04073465

-182166967.61531675 
-183514434.67211753 
-189459838.51501375 
-201893135.18372375 
-228123403.24844524 
-277442208.78174651 
-359398899.94184452

-182166951.03700349 
-182849036.38203409 
-184400465.31457031 
-187957825.30437195 
-194811846.10958153 
-206666886.08864361 
-225780745.89842257

-182166940.52408686 
-182403215.29147160 
-182977132.60447371 
-184381380.16857716 
-187252113.27771199 
-192442010.43688944 
-208445138.62692207

-182166935.03227046 
-182235990.88076100 
-182538251.57654426 
-183185277.75721028 
-184509526.40848133 
-186900102.29042658 
-190883905.46222487

-182166931.71437821 
-182200254.46847388 
-182276239.79397812 
-182451588.75609002 
-182794007.77620840 
-183399659.12005806 
-184408294.48821890

-182166930.08986041 
-182175254.33333057 
-182196508.03601697 
-182250836.04717582 
-182473660.26243299 
-182785023.57360274 
-183309398.17366296

-182166929.11700180 
-182169790.56024885 
-182181575.67768928 
-182206209.88376105 
-182255582.50787702 
-182343612.00108570 
-182489088.94042638

-182166928.46567291 
-182167787.75708470 
-182169792.81507626 
-182174612.79491895 
-182184857.38954425 
-182205731.49372062 
-182246567.56768075

-182166927.99739334 
-182167214.09297794 
-182167952.17783430 
-182171111.54905060 
-182176707.11379936 
-182187306.56224090 
-182206097.48910287

-182166927.64359260 
-182167011.92133391 
-182167208.01538062 
-182167659.86632851 
-182168544.01714140 
-182170125.65382671 
-182172820.26550287


-132558656.30753408 
-6570358339.81437206 
-6471952991.12882328 
-6315569541.90420532 
-6143254220.99734497 
-5999796235.87259483 
-5890965034.76357269

-132186208.37237501 
-6138822941.84403706 
-6062939265.81043816 
-5941676687.55359077 
-5806434271.62081909 
-5690934227.95259571 
-5599599363.89689350

-130791947.54234554 
-5632265262.32165623 
-5544690828.90551853 
-5404128335.83482838 
-5245899190.04322529 
-5108277675.32852840 
-4996566148.46903515

-130479769.15219818 
-1012993257.55892694 
-2537965990.66915512 
-4748138200.59704399 
-4569038007.08313084 
-4421594797.60237694 
-4311733456.23257637

-130375294.48675120 
-1012348101.26235688 
-2537685898.19318724 
-4340648772.34613228 
-4212306204.73862267 
-4100061131.50821400 
-4008015056.14654827

-130264343.85064290 
-1011469019.88047445 
-2536711492.01443338 
-3770556982.79927063 
-3592577193.69478846 
-3434507270.49800253 
-3306493795.90351391

-130258082.37311931 
-223729413.19332799 
-421368404.54431802 
-1638937661.39144516 
-2660085332.51768541 
-2906240377.53698158 
-2745888955.29375029

-130244349.51477496 
-221788482.75675476 
-420957395.55230600 
-829059188.93507743 
-1502582810.53653336 
-2309609324.61719847 
-2220993756.68239880

-130240237.35051553 
-203425196.00820968 
-358898318.32302290 
-683051035.14188933 
-1226962894.52281451 
-1827891879.72479177 
-1766059818.43355894

-130239171.57601550 
-140581611.91834435 
-165932143.42656866 
-229092242.98407578 
-368494151.48508918 
-634914410.94220388 
-1056677712.46862316

-130238368.62800032 
-139685247.64007708 
-160670206.90168402 
-207296939.46222800 
-293279047.83962059 
-433976795.87183410 
-646134289.33743787

-130238164.85598266 
-135162761.29400262 
-146138574.88879707 
-170714173.85898268 
-216734560.06282040 
-293779657.22673810 
-546855929.47466218

-130238092.44436008 
-131293549.08567499 
-133923586.12690730 
-139865213.16376409 
-151558056.61616653 
-172494837.19464293 
-207837762.64148435

-130238051.01924281 
-131031823.56199700 
-132814080.38708164 
-136839752.85201859 
-144467023.20938954 
-157462428.88383546 
-178188074.01627114

-130238031.07847331 
-130507271.60350771 
-131117155.32617269 
-132508725.36886041 
-137951354.69705367 
-145089941.73424566 
-156622712.69526517

-130238026.81203988 
-130325448.12400258 
-130569262.93451121 
-131097112.76290290 
-132115752.13665475 
-133885419.16065085 
-136764994.59583238

-130238024.90269826 
-130286682.48413213 
-130396526.76692389 
-130647340.86009218 
-131134921.58105360 
-132008546.72690353 
-133501302.63438027

-130238023.80793044 
-130251014.91344583 
-130281027.18543053 
-130411661.49855843 
-130627121.17291756 
-131034661.33865121 
-131777934.34954602

-130238023.09369408 
-130242917.77427232 
-130260003.99225830 
-130295471.71060920 
-130364400.31428191 
-130484539.56032775 
-130680142.42720787

-130238022.58894122 
-130240053.19828162 
-130244779.00479533 
-130256057.16985402 
-130279359.89774917 
-130323045.71912986 
-130398025.64750363

-130238022.21223743 
-130238554.02482131 
-130240930.41679521 
-130246015.97899976 
-130256813.23763101 
-130277313.63838217 
-130312527.95681399


-125731586.68663451 
-6138822945.85587215 
-6062939267.74715805 
-5941676688.85843277 
-5806434272.61493683 
-5690934228.76035976 
-5599599364.57981300

-125233898.70258439 
-5632265323.18288136 
-5544690845.96772003 
-5404128345.99624825 
-5245899197.36861515 
-5108277681.09662151 
-4996566153.24774837

-124224260.15747607 
-5236053338.61551857 
-5129612797.68446159 
-4960834095.57082748 
-4775756591.63748741 
-4623238096.62522888 
-4509443666.67950916

-123218070.43425024 
-4525170992.09907436 
-4454384887.11386490 
-4340648774.24195957 
-4212306206.17578650 
-4100061132.67253685 
-4008015057.12901020

-123161255.31046174 
-1005531890.07832837 
-2530537167.12141180 
-3972794759.23581553 
-3812630055.83393049 
-3434508901.73155642 
-3306493954.89073515

-123031618.97118457 
-1004300278.67147291 
-2529907035.41770697 
-3329459875.89496946 
-3112041883.21522093 
-2906240378.05897379 
-2745888955.73586273

-122982929.97752917 
-443831530.16817242 
-1024694941.13167310 
-1989239621.16860604 
-2420900224.84637165 
-2309609326.47192240 
-2220993758.24231863

-122973370.14943467 
-216355241.56422096 
-507634881.01621252 
-1002011319.25613427 
-1757057498.86559582 
-1919260862.99676299 
-1840644666.72228050

-122964002.85497050 
-216212577.26206172 
-413492309.91262895 
-821477234.52966738 
-1494890721.49075222 
-1673351418.02579498 
-1640274926.80712843

-122962256.66983624 
-136232854.48416325 
-166968208.47685921 
-241901253.70580095 
-401091381.26741707 
-695890044.92320549 
-1584644470.32444334

-122961110.47736195 
-132839356.98934954 
-158361280.01276058 
-214446671.05167970 
-322243722.65440112 
-504999151.36496472 
-781520413.68742311

-122960765.22586852 
-131278691.59214661 
-149701566.73457608 
-190501175.53783137 
-265536953.21914411 
-388278781.91114205 
-573887400.53399944

-122960618.53517899 
-124146444.81780192 
-126854730.37557475 
-133132772.93269913 
-170207722.38120770 
-213518152.20587611 
-282910675.57250887

-122960560.59169231 
-123834591.30560371 
-126411284.38045724 
-131809721.40437552 
-142039302.82413128 
-159445530.20323163 
-187086788.29503641

-122960531.36816455 
-123457900.92153856 
-124574061.95308129 
-127094709.51012471 
-131874820.65767872 
-140047717.79330546 
-153204788.87346041

-122960525.61794300 
-123069954.02690665 
-123319371.68990175 
-124009195.71615377 
-125281415.84482561 
-127567685.33522254 
-131462002.54598437

-122960523.33062874 
-123016511.14759977 
-123217808.50261423 
-123624138.30760095 
-124403287.32304192 
-125753242.90517004 
-127950080.08092503

-122960522.08537593 
-122984493.65464865 
-123038942.93715763 
-123164555.71579508 
-123414310.11143471 
-123880727.53665027 
-124720021.29572502

-122960521.29657067 
-122968076.57039720 
-122992111.99615140 
-123043828.04223019 
-123145350.03986339 
-123323189.05020609 
-123612433.11354363

-122960520.74967149 
-122964525.19128330 
-122973724.14033984 
-122995067.30771518 
-123037022.08056208 
-123111407.63228254 
-123234183.39498217

-122960520.34695125 
-122961539.44186947 
-122963997.33083446 
-122970003.24370287 
-122990933.12211056 
-123024579.91498737 
-123083172.90868729


-124847854.14218861 
-5791734794.19065380 
-5711088830.89185143 
-5581758390.89552879 
-5436431227.58120728 
-5310454095.45560265 
-5208642867.44080830

-119301025.60089646 
-5236053343.92735386 
-5129612800.19260693 
-4960834097.24936962 
-4775756592.91218090 
-4623238097.65899658 
-4509443667.55240345

-119187608.90665178 
-4769902733.19483948 
-4454385047.41941261 
-4340648820.95614815 
-4212306234.22632837 
-4100061152.93822050 
-4008015073.09482574

-117138934.83018370 
-4204260094.46276951 
-4115330928.71913815 
-3972794760.01036930 
-3812630056.42717409 
-3673271419.91586733 
-3558919014.91335392

-117053101.37814365 
-999823919.22601426 
-2524751321.63963223 
-3329459878.50351238 
-3112041885.18208551 
-2906240379.64744043 
-2745888957.07345963

-116989104.31011702 
-999044403.89327800 
-2524396242.50557661 
-2777005379.83946371 
-2635418408.92302561 
-2507005226.98717070 
-2402042613.94113064

-116840248.97401777 
-998349407.72990799 
-2342674822.06742573 
-2195752311.91444921 
-2039450948.15895319 
-1919260863.62789059 
-1840644667.25643897

-116833726.79454090 
-525305137.55186486 
-1253869952.77948499 
-1780916344.15704727 
-1720915118.17354774 
-1673351420.86709571 
-1640274929.18696237

-116821334.54846834 
-210117666.66093874 
-407566127.44337326 
-815673443.47751069 
-1489197117.05010223 
-1603403495.35059595 
-1584644470.61694574

-116814674.39299016 
-174664915.32547036 
-297468923.37692600 
-552854695.73379660 
-978452667.48211455 
-1584545286.73050547 
-1584644469.81113601

-116813709.56110996 
-132648772.89502850 
-168433299.70432651 
-248545032.83620030 
-516205045.93559963 
-820300295.18018675 
-1230543862.20496202

-116812931.25013462 
-127090687.67989267 
-151693802.53702766 
-206554020.09529209 
-308670972.61998183 
-474516253.10084838 
-719589565.83595622

-116812691.77447172 
-120065648.77862759 
-127329100.74727188 
-143633013.53170526 
-174303740.51849192 
-226248572.88798541 
-309065671.25022876

-116812598.39574078 
-117951380.89111774 
-120573080.53925776 
-127797208.62955463 
-140999051.33278796 
-164254457.28938320 
-202937929.03308961

-116812538.08804047 
-117580503.31231047 
-119965311.77356470 
-124915413.57245886 
-134318959.47868267 
-150346674.07482731 
-175829785.88276771

-116812529.79088405 
-116945827.84032783 
-117248945.12804908 
-117962062.46207194 
-119477371.21682256 
-122690757.97506635 
-129335681.10829301

-116812526.98622635 
-116906806.50154777 
-117178937.22693090 
-117785326.84925118 
-119001839.51565108 
-121233447.97607338 
-125111880.27534342

-116812525.55242744 
-116868075.27485491 
-116992927.28344895 
-117275337.34986293 
-117812200.36140129 
-118732243.24047568 
-120210118.83381879

-116812524.67451553 
-116823765.03734496 
-116849665.53610282 
-116910254.68267283 
-117030952.39675951 
-117570704.70078135 
-118177417.90918237

-116812524.07870416 
-116817797.71111946 
-116836738.51475886 
-116878868.21933317 
-116964060.99158186 
-117114308.26504639 
-117356731.11032233

-116812523.64637451 
-116814830.46713792 
-116820115.44203950 
-116832196.74061948 
-116855482.74456364 
-116896091.75397976 
-116962857.88222402


-130352670.69216944 
-5236054657.05713177 
-5129612836.17471218 
-4960834116.19016361 
-4775756605.95040321 
-4623238107.67970753 
-4509443675.73126221

-122926779.01231043 
-4769902735.29527187 
-4682968246.81223583 
-4544393477.81048393 
-4390672099.81062698 
-4260827959.80903101 
-4159874252.28590202

-110672273.59093678 
-4204260101.90019369 
-4115330932.11988354 
-3972794762.26482439 
-3812630058.13147593 
-3673271421.29437494 
-3558919016.07530594

-110178738.23719878 
-3812219252.99662781 
-3714477069.64833832 
-3550008427.51892328 
-3352309537.06520462 
-3170373823.15064192 
-3026191374.86694145

-109209077.62818491 
-1000018884.41941500 
-2523401588.16206884 
-2777005380.77069569 
-2635418409.63507080 
-2507005227.56697655 
-2402042614.43201685

-108797869.17569092 
-993985022.34902096 
-2342674828.05440187 
-2195752315.79000950 
-2039450951.05621886 
-1919260865.95616603 
-1840644669.21065831

-108405817.42867658 
-990597355.70459211 
-1969092023.81334639 
-1889041965.25448847 
-1803364477.08969378 
-1736522890.89702487 
-1691474965.47154403

-108338617.71288779 
-832299091.03121066 
-1680178750.69887733 
-1655124177.51315212 
-1627204131.98240113 
-1603403496.13111758 
-1584644471.27693844

-108312955.99599838 
-202126952.40012702 
-399858771.00263435 
-808490468.92454898 
-1483065036.25100350 
-1603403494.43717957 
-1584644469.84118891

-108288597.52361625 
-201703268.54916266 
-399330165.11756152 
-807624332.87302661 
-1481305296.53206277 
-1603403494.26678205 
-1584644469.69610167

-108282408.42366877 
-186054024.64920869 
-350759473.79364204 
-691968110.40526032 
-1256854446.01928592 
-1603403494.19938755 
-1584644469.63868880

-108280606.01947749 
-136267674.22212505 
-196242959.20318800 
-453919598.10902333 
-793975008.58869970 
-1282892494.36396217 
-1584644469.60749960

-108279175.52959225 
-116488459.34782846 
-138012439.73018739 
-183281996.93559977 
-266326941.08169317 
-401640849.95828635 
-605128931.06983650

-108278782.88689658 
-113772007.94301465 
-125957360.33458652 
-153039550.85932773 
-203261934.60307091 
-286798403.83858758 
-416245188.29952091

-108278652.49114147 
-110544733.38063972 
-118489337.98044758 
-134493933.66504297 
-165173630.87594008 
-218369897.29960483 
-303922370.44360441

-108278639.11447535 
-109342963.40606567 
-111782372.91951856 
-117498959.04433389 
-128929208.69277629 
-149378584.57762548 
-182456855.97989553

-108278635.57283700 
-108621445.43170820 
-109396460.55046681 
-111162893.95407410 
-114548718.87063153 
-124231916.90197322 
-136458211.99634752

-108278633.89845042 
-108434193.73098683 
-108973471.42133638 
-110110677.12561303 
-112337662.04651017 
-116215896.22931115 
-122464771.42181772

-108278632.91299480 
-108349406.94085900 
-108514364.90163527 
-108901044.56362157 
-109660532.05659938 
-110992494.92249469 
-113168991.72015071

-108278632.26009338 
-108298717.81838891 
-108344981.71674547 
-108549848.00769348 
-108872538.28866358 
-109439250.70113403 
-110382254.88910268

-108278631.79395840 
-108287682.27902508 
-108320241.56731643 
-108389096.26827686 
-108524900.36874829 
-108763768.30645205 
-109155620.51719925


-125088636.07241553 
-4769902741.66880131 
-4682968249.77228642 
-4544393479.78174305 
-4390672101.30408192 
-4260827961.01853609 
-4159874253.30625391

-123319083.47943681 
-4364715538.20259666 
-4284857905.47868872 
-4156721765.48585558 
-4012468130.05248165 
-3886666275.27965212 
-3783467035.16360331

-111540720.46558990 
-3812219255.53529882 
-3714477070.91000891 
-3550008428.37665176 
-3352309537.72155571 
-3170373823.68534231 
-3026191375.31977749

-105269523.34037274 
-2971426834.19520950 
-2897973210.65796900 
-2777005383.99589872 
-2635418412.05649900 
-2507005229.51768732 
-2402042616.07197332

-105008103.36515665 
-1002685388.66584325 
-2504216478.87882519 
-2373008088.98908806 
-2230175584.66138792 
-2114435093.56016803 
-2030819211.49339819

-103836529.16796815 
-997564961.77682638 
-1969092025.50537443 
-1889041966.39800620 
-1803364477.96221519 
-1736522891.60661602 
-1691474966.07181573

-103281542.39918827 
-985722447.25745595 
-1680178761.25961280 
-1655124184.10472226 
-1627204136.82981086 
-1603403499.99030066 
-1584644474.49661779

-103020393.92360985 
-827789923.58341682 
-1680178746.82755256 
-1655124174.87255883 
-1627204129.95831418 
-1603403494.48046637 
-1584644469.87802887

-102927005.62912473 
-197761346.80624396 
-396402576.52750731 
-806333936.10728598 
-1481376774.12566423 
-1603403494.27980089 
-1584644469.70719051

-102899061.66038492 
-196761142.36393499 
-394505342.20539242 
-804049500.87375939 
-1478304342.05798507 
-1603403494.20568156 
-1584644469.64405107

-102873579.38723519 
-189578818.05496627 
-393670835.84228128 
-801860215.14935696 
-1475478220.13136935 
-1603403494.16651511 
-1584644469.61067939

-102869013.76929151 
-166290553.12696949 
-300784612.93288237 
-580080139.62148082 
-1044375352.85465288 
-1601781029.56763935 
-1584229221.11080098

-102866576.62503251 
-113202804.35060097 
-136071768.29229018 
-186545198.83559340 
-279041733.11004591 
-429597394.80330759 
-655762973.54988599

-102865269.98076598 
-112821663.44279382 
-134840213.63078880 
-183525163.26387256 
-272816414.27675611 
-418247697.63209873 
-636813612.20704412

-102864988.54202583 
-109270172.92077371 
-123578332.31040831 
-155856225.46690282 
-217111320.05968294 
-375039296.84744102 
-564078049.81705523

-102864961.56119834 
-104694445.00248578 
-111857888.53335463 
-127054928.17168902 
-159065214.93696138 
-219153299.10494849 
-317978363.71267468

-102864956.91230741 
-103678915.55008173 
-105538325.18298206 
-109805793.34625687 
-117981132.24066947 
-131925641.82121822 
-153982417.50720704

-102864954.92398205 
-103279065.49188946 
-104240096.78185189 
-107450545.71997458 
-112789634.51894562 
-121897221.91709124 
-136389486.19946492

-102864953.80716813 
-103016852.56464022 
-103602692.63252483 
-104854552.14991666 
-107354206.21833788 
-111745062.08899269 
-118847470.23929261

-102864953.08716045 
-102935545.45550884 
-103095444.89281696 
-103459759.37787370 
-104160825.91427861 
-105386628.82225047 
-107421168.66806930

-102864952.58226620 
-102887859.79302174 
-102966136.81446972 
-103129801.16056299 
-103448447.20091240 
-104008444.93090776 
-104945134.08697107


-120671998.92315575 
-4364715540.53521347 
-4284857906.64327717 
-4156721766.27872705 
-4012468130.65963173 
-3886666275.77447748 
-3783467035.58278608

-120049915.97295485 
-3812219264.86227560 
-3714477075.06598949 
-3550008431.11151457 
-3352309539.78181076 
-3170373825.34836006 
-3026191376.71967077

-113219908.10377198 
-3287885331.18809175 
-3200861680.70042944 
-3053232627.50236750 
-2873730145.78999710 
-2706622802.29571056 
-2573965784.64596272

-100170182.63616493 
-2587227453.26478434 
-2504216480.41906834 
-2373008090.03211880 
-2230175585.45801449 
-2114435094.20841169 
-2030819212.04198313

-100105104.21445119 
-2020122158.52060628 
-1969092033.54298019 
-1889041971.51377010 
-1803364481.75720620 
-1736522894.64285088 
-1691474968.61295772

-99714173.79966761 
-996451264.22631764 
-1758385779.20922804 
-1718020257.33099055 
-1674059622.45175457 
-1638377456.38530803 
-1612459698.45583892

-98528462.15396208 
-990055006.04029655 
-1680178746.95056057 
-1655124174.95820737 
-1627204130.02463365 
-1603403494.53487682 
-1584644469.92432547

-97983331.92637284 
-981669983.54154849 
-1680178746.40900540 
-1655124174.58035207 
-1627204129.73174834 
-1603403494.29443693 
-1584644469.71965575

-97922251.77752934 
-265768220.88913462 
-1440825619.91586995 
-1655124174.45192885 
-1627204129.63203192 
-1603403494.21249080 
-1584644469.64985251

-97796028.22067377 
-207480957.62853044 
-459782115.18870163 
-1019515167.74924493 
-1627204129.58092308 
-1603403494.17047453 
-1584644469.61405325

-97754796.07999469 
-191409118.51252347 
-390092824.85402447 
-799225407.00193942 
-1473599079.24713778 
-1601781045.93522882 
-1584229233.47513366

-97734546.88475800 
-181305554.61934441 
-364045663.77325046 
-756008179.98889196 
-1425030592.55486083 
-1595181147.01563096 
-1582540064.16577291

-97728566.50940736 
-108209045.68861692 
-131246943.22268352 
-182076182.39934063 
-275076724.44446534 
-1204685745.36006522 
-1582540063.63859105

-97724062.65521981 
-107969226.76865813 
-131004596.36807211 
-181571825.29050460 
-274224509.92187941 
-425007298.90589589 
-651441352.40854514

-97722476.96977550 
-107493616.05854321 
-129482411.62246630 
-178954291.57331598 
-271010920.22403497 
-421936258.05927032 
-648706357.79954445

-97722344.62788284 
-103548978.58389856 
-116451812.24948645 
-159369701.69985467 
-228147667.42203042 
-340564943.41445631 
-509907289.11788225

-97722338.18702462 
-98856661.38726839 
-101449966.21706860 
-107242650.83869423 
-118153093.62899175 
-136605773.17390388 
-165739296.67903683

-97722335.77755003 
-98751722.42497902 
-101057586.08290213 
-106247318.90490833 
-116039240.04582924 
-132662817.17011105 
-159117606.73321727

-97722334.49798623 
-98245167.42935701 
-100041585.18613778 
-103669522.55173194 
-110575502.45832755 
-122533035.39978065 
-142392623.16273150

-97722333.69843498 
-97928950.07161936 
-98442496.28487444 
-99719924.83409728 
-102362071.82023686 
-107167615.70035650 
-115226456.17412208

-97722333.14887002 
-97795319.17784695 
-97962467.56311004 
-98347496.57328059 
-99099887.13776806 
-100427221.23232152 
-103437762.17442718


-157461923.25596955 
-4020094663.97733831 
-3925203982.40256119 
-3770556979.98024082 
-3592577191.55609798 
-3434507268.76449966 
-3306493794.44029903

-115736059.81662402 
-3287885334.04168653 
-3200861682.10913515 
-3053232628.45804596 
-2873730146.52055073 
-2706622802.89049864 
-2573965785.14948368

-115182664.81512770 
-2587227468.67840433 
-2504216486.80214787 
-2373008094.15021658 
-2230175588.53182650 
-2114435096.67635918 
-2030819214.11223435

-98431551.73407671 
-2228351420.96429539 
-2155883422.28314400 
-2042397138.13961840 
-1921407712.28464913 
-1827891876.98609400 
-1766059816.13013864

-95630958.02731438 
-1783920851.32082510 
-1758385781.13763618 
-1718020258.63036561 
-1674059623.44175720 
-1638377457.18975115 
-1612459699.13596368

-95249899.33962741 
-993197365.25074756 
-1680178747.11059904 
-1655124175.06947923 
-1627204130.11073256 
-1603403494.60548401 
-1584644469.98438621

-94607938.18145387 
-989343531.37819779 
-1680178746.44619083 
-1655124174.60636044 
-1627204129.75193286 
-1603403494.31101918 
-1584644469.73377800

-93106713.82672365 
-982489597.60061038 
-1680178746.24210358 
-1655124174.46350718 
-1627204129.64102554 
-1603403494.21988344 
-1584644469.65615058

-93097804.00460531 
-975707248.72188866 
-1680178746.14113545 
-1655124174.39273596 
-1627204129.58604288 
-1603403494.17468381 
-1584644469.61764002

-93046538.86038171 
-661113030.33665967 
-1655891941.57249618 
-1655124174.35010099 
-1627204129.55290771 
-1603403494.14743876 
-1584644469.59442353

-92961728.85012084 
-188308239.76620573 
-387360762.99657816 
-797889702.99296260 
-1473450340.39374304 
-1595181147.74922657 
-1582540064.78389931

-92864314.83483453 
-186722619.81734747 
-385493606.05178332 
-794935006.93070757 
-1469591591.58053493 
-1595181146.41414022 
-1582540063.65534687

-92855478.92488116 
-146435484.77658629 
-269585765.92935896 
-548621462.13349187 
-1053206465.37644112 
-1595181146.32096815 
-1582540063.57601881

-92846972.98684159 
-108123575.88735314 
-145028903.68180346 
-309918332.80281192 
-592456983.46671677 
-1054972645.87107086 
-1582540063.54565382

-92839561.17026684 
-103191587.64906932 
-128819123.82794975 
-184282890.71125180 
-287392735.37653965 
-457557256.42286456 
-715508009.48897684

-92838111.23781027 
-102338002.95798939 
-123459151.12476438 
-170549063.87913164 
-257923620.17164877 
-402208840.23967797 
-622110370.23478901

-92838101.55278094 
-94007490.97031210 
-107093012.09429973 
-129107198.19836035 
-170299996.76144844 
-239966123.95297521 
-353028798.22070336

-92838098.55827861 
-93987344.74199563 
-96563255.97835833 
-102370329.11497067 
-113371511.13591224 
-132373573.56849243 
-164321042.18842906

-92838097.07361747 
-93928586.73494519 
-96383219.78853673 
-101934460.48930724 
-112472372.39158699 
-130458042.85721089 
-159853821.12250140

-92838096.17884973 
-93385722.97826721 
-95270690.56824753 
-99215291.54497397 
-107092491.24869138 
-121277577.06770240 
-144583552.44767502

-92838095.57748371 
-92963430.14681992 
-93250039.30122246 
-93899871.58630826 
-95136475.78913134 
-97252714.72288749 
-100639765.94349013


-234187228.58534420 
-3287885346.18748665 
-3200861687.33284712 
-3053232631.86208153 
-2873730149.07318068 
-2706622804.94547844 
-2573965786.87631655

-112356414.35069121 
-2737874193.25384617 
-2665758137.18887091 
-2550263867.07916784 
-2420900221.93959332 
-2309609324.12382126 
-2220993756.26472521

-110847465.35285757 
-2228351424.54663801 
-2155883424.02629185 
-2042397139.31690669 
-1921407713.18264937 
-1827891877.71626759 
-1766059816.74774432

-110442663.72158961 
-1783920884.76315808 
-1758385792.75155449 
-1718020265.82240224 
-1674059628.71258879 
-1638377461.37795091 
-1612459702.62582970

-104102172.48814392 
-1695863081.45330524 
-1680178747.32800865 
-1655124175.22034550 
-1627204130.22735429 
-1603403494.70106649 
-1584644470.06566024

-90735429.75984244 
-1024692112.50965881 
-1680178746.48872709 
-1655124174.63610029 
-1627204129.77500868 
-1603403494.32997465 
-1584644469.74992013

-90633921.28056906 
-988632339.52840257 
-1680178746.26011586 
-1655124174.47612572 
-1627204129.65082622 
-1603403494.22793913 
-1584644469.66301346

-89590300.14217417 
-988250750.49625301 
-1680178746.15114570 
-1655124174.39975524 
-1627204129.59149718 
-1603403494.17916822 
-1584644469.62146115

-88800141.44158264 
-973329845.12781215 
-1680178746.08675385 
-1655124174.35459304 
-1627204129.55639935 
-1603403494.15030980 
-1584644469.59687018

-88466311.70966530 
-656884561.41486871 
-1615732657.27361965 
-1611826420.34568167 
-1605111566.72908545 
-1595280147.21292472 
-1582565403.19300175

-88399826.11009367 
-184939769.94119579 
-384528390.64829391 
-795826746.98091614 
-1472032992.53284025 
-1595181146.43856502 
-1582540063.67613173

-88240865.26791562 
-183484289.82007948 
-382423680.65761751 
-794441717.36653388 
-1470479327.15583348 
-1595181146.32792854 
-1582540063.58194709

-88225417.15696464 
-181986624.07543349 
-380465875.78968942 
-789831189.86284697 
-1464412497.50902915 
-1595181146.28862524 
-1582540063.54846716

-88219215.50074524 
-168490920.14225328 
-338080002.91278547 
-689199199.30163741 
-1270008805.87415719 
-1595181146.26816344 
-1582540063.53103280

-88208851.29737900 
-118715985.61411625 
-245498469.21862379 
-468057760.99191493 
-839989592.26762354 
-1372106187.91708064 
-1582540063.52025294

-88199438.50211386 
-98700617.04541014 
-121737158.16976857 
-172581241.31966975 
-265633275.66764659 
-416874759.51855153 
-643771651.50707662

-88199421.69463180 
-95963709.14973779 
-113267282.62596406 
-152016038.29489145 
-224376649.79307631 
-344861279.32775557 
-530283828.20509595

-88199417.84986378 
-90825405.63208754 
-102365758.67712130 
-125135900.50946565 
-169872142.66323099 
-248928592.22440350 
-377225096.09248197

-88199416.10141696 
-89616729.41654786 
-92925259.18012005 
-100900093.44442572 
-117500788.33835535 
-148636170.45455226 
-201512607.72051218

-88199415.09135933 
-89279847.22426395 
-91717850.54176563 
-97234795.46573883 
-108911201.42706525 
-127974163.29914264 
-158270478.58804676

-88199414.42949381 
-88433799.15631986 
-90147773.41647717 
-93532333.44792497 
-100338363.13488911 
-112220102.16271807 
-131112271.13754289


-237443627.59398976 
-2737874196.48798132 
-2665758138.77319145 
-2550263868.15141296 
-2420900222.75829697 
-2309609324.78991652 
-2220993756.82835388

-109096346.57060292 
-2228351447.18407202 
-2155883432.71755934 
-2042397144.82017517 
-1921407717.25561476 
-1827891880.97059178 
-1766059819.46908951

-107993619.81843232 
-1871978610.28434944 
-1836592809.58895016 
-1780916338.40935802 
-1720915113.88185859 
-1673351417.42033815 
-1640274926.29500103

-106764903.77619033 
-1695863082.05074763 
-1680178747.64173961 
-1655124175.43744183 
-1627204130.39493871 
-1603403494.83830309 
-1584644470.18228769

-103545350.48548278 
-1695863079.97442937 
-1680178746.53789115 
-1655124174.67045903 
-1627204129.80166268 
-1603403494.35186648 
-1584644469.76856112

-91599288.22541465 
-1695863079.49879885 
-1680178746.27983093 
-1655124174.48993492 
-1627204129.66155100 
-1603403494.23675370 
-1584644469.67052269

-86356320.01467516 
-1006408409.48469067 
-1680178746.16183543 
-1655124174.40725017 
-1627204129.59732103 
-1603403494.18395638 
-1584644469.62554073

-86218586.33765012 
-984106123.23417723 
-1680178746.09349537 
-1655124174.35932255 
-1627204129.56007528 
-1603403494.15333247 
-1584644469.59944606

-85919659.79852587 
-983826992.77085340 
-1641127134.79686952 
-1628887562.02159858 
-1613816968.17401028 
-1598481088.01602340 
-1583384642.40587616

-85136682.82317828 
-978292213.06336689 
-1614947254.69582272 
-1611298752.09465718 
-1604842324.39307427 
-1595181146.46973276 
-1582540063.70264816

-84178597.98558989 
-183302513.97239172 
-811299592.66758442 
-1611278217.91810107 
-1604842324.22988510 
-1595181146.33578348 
-1582540063.58863711

-83988533.83397268 
-180788894.38136977 
-380673107.09907311 
-792660931.68849647 
-1469953177.29463267 
-1595181146.29220390 
-1582540063.55151582

-83889455.23082282 
-179406325.69354227 
-379797143.44383097 
-791445546.00207579 
-1468043877.07820201 
-1595181146.27022266 
-1582540063.53278756

-83826058.34526412 
-177831663.38531837 
-375563229.20362830 
-784188395.77051175 
-1458124697.77830529 
-1595181146.25685763 
-1582540063.52139854

-83818956.00565800 
-141057595.24186566 
-274425576.64870435 
-578960467.48269498 
-1127549027.62055802 
-1595181144.60833955 
-1582540063.33393741

-83797181.43852276 
-94459647.97525516 
-117904887.52046129 
-169255397.91889313 
-262937046.89639300 
-414825384.03362381 
-642337216.30854523

-83797140.32484055 
-94266827.43927068 
-117334468.71680288 
-168239800.03045523 
-261411820.93497118 
-412885640.35306329 
-640140845.03677690

-83797135.16653873 
-93548115.68628727 
-115094829.21039985 
-162729916.34171569 
-260243134.96795651 
-411084793.00129437 
-637570192.27622175

-83797133.07031527 
-89736314.16007012 
-109331327.08042872 
-148877221.71632197 
-222232426.47120076 
-342418134.95048881 
-523296199.28625447

-83797131.91878508 
-86658566.17394195 
-93696735.66535176 
-110853434.41374737 
-144885949.81715536 
-202567566.30207771 
-290171704.85010135

-83797131.18567911 
-84775938.74899217 
-86984776.57362114 
-92932687.04302512 
-103400523.49916585 
-121105591.13352033 
-149079017.17720836


-322275434.79634619 
-2436580707.36632395 
-2342674820.75362873 
-2195752311.02520990 
-2039450947.47995543 
-1919260863.07544780 
-1840644666.78897309

-269917110.74402356 
-1871978614.41823411 
-1836592811.58022618 
-1780916339.75005865 
-1720915114.90296531 
-1673351418.24987221 
-1640274926.99623704

-104804925.81852022 
-1695863083.00738001 
-1680178748.13739944 
-1655124175.77892947 
-1627204130.65797257 
-1603403495.05342388 
-1584644470.36494565

-104126157.09321065 
-1695863080.08090997 
-1680178746.59540820 
-1655124174.71063471 
-1627204129.83282137 
-1603403494.37745428 
-1584644469.79034710

-103898864.36214937 
-1695863079.53862381 
-1680178746.30150890 
-1655124174.50511599 
-1627204129.67334008 
-1603403494.24644256 
-1584644469.67877626

-99053421.01666397 
-1695863079.30337906 
-1680178746.17327762 
-1655124174.41527200 
-1627204129.60355401 
-1603403494.18908048 
-1584644469.62990689

-82738383.65610547 
-1048586738.35813606 
-1680178746.10060430 
-1655124174.36430931 
-1627204129.56395102 
-1603403494.15651965 
-1584644469.60216188

-82219792.41502716 
-981641367.00781763 
-1641127136.69929981 
-1628887563.27813649 
-1613816969.12225413 
-1598481088.78221679 
-1583384643.05127192

-82082893.64257589 
-980413947.79174459 
-1614947254.78948212 
-1611298752.15971780 
-1604842324.44339347 
-1595181146.51098704 
-1582540063.73773384

-81471233.96815167 
-978537125.74439716 
-1614947254.41392136 
-1611298751.89809728 
-1604842324.24076557 
-1595181146.34472179 
-1582540063.59624910

-80613326.28387277 
-969189882.79584134 
-1614947254.30500293 
-1611298751.82186890 
-1604842324.18158817 
-1595181146.29609609 
-1582540063.55483174

-79877027.23488384 
-493994901.72496945 
-1225376598.89985251 
-1611298751.78478718 
-1604842324.15278006 
-1595181146.27241421 
-1582540063.53465486

-79865026.42843215 
-176940108.52588162 
-377254150.25514799 
-789592352.65043461 
-1466675616.21709466 
-1595181146.25827003 
-1582540063.52260232

-79803699.45998879 
-176246594.75804856 
-376028339.10163504 
-787429474.10532355 
-1463701845.41198802 
-1595181145.00783730 
-1582540063.51454544

-79699000.20391555 
-175325102.21910298 
-374444104.20423323 
-785068788.17451882 
-1460729918.93978405 
-1595181144.13173699 
-1582540062.95714068

-79652101.36886984 
-95044699.19400699 
-135530335.41742358 
-239369881.79125693 
-851344374.90233076 
-1425942945.64210415 
-1582540062.87754393

-79632427.23940468 
-90362931.34770472 
-118140438.02277952 
-180072673.67672047 
-296392900.90670401 
-483647151.60871834 
-753879229.69160092

-79632419.86637416 
-90200939.00721850 
-113411809.05078894 
-164614349.42954025 
-258240893.83108470 
-410235802.48558551 
-637966218.28598189

-79632417.29736358 
-89199932.49522951 
-110417843.45648634 
-163620763.20765042 
-256374709.74736694 
-407223082.04634827 
-633657936.13179815

-79632415.96948944 
-83962770.64473975 
-100668318.18615571 
-133931528.06198131 
-197541410.57412422 
-306285408.59175533 
-477769352.58145458

-79632415.15170254 
-80788617.83091591 
-83429122.92931563 
-89356168.55432560 
-100491567.41063756 
-119270943.19405365 
-148838924.24223462


