     50.00000000     50.00000000     50.00000000     50.00000000     50.00000000     50.00000000     50.00000000     50.00000000     50.00000000     39.00000000     29.00000000
     50.00000000     50.00000000     50.00000000     50.00000000     50.00000000     50.00000000     50.00000000     50.00000000     50.00000000     40.00000000     30.00000000
     50.00000000     50.00000000     50.00000000     50.00000000     50.00000000     50.00000000     50.00000000     50.00000000     50.00000000     41.00000000     31.00000000
     50.00000000     50.00000000     50.00000000     50.00000000     50.00000000     50.00000000     50.00000000     50.00000000     50.00000000     42.00000000     32.00000000
     50.00000000     50.00000000     50.00000000     50.00000000     50.00000000     50.00000000     50.00000000     50.00000000     50.00000000     43.00000000     33.00000000
     50.00000000     50.00000000     50.00000000     50.00000000     50.00000000     50.00000000     50.00000000     50.00000000     50.00000000     44.00000000     34.00000000
     50.00000000     50.00000000     50.00000000     50.00000000     50.00000000     50.00000000     50.00000000     50.00000000     50.00000000     45.00000000     35.00000000
     50.00000000     50.00000000     50.00000000     50.00000000     50.00000000     50.00000000     50.00000000     50.00000000     50.00000000     47.00000000     36.00000000
     50.00000000     50.00000000     50.00000000     50.00000000     50.00000000     50.00000000     50.00000000     50.00000000     50.00000000     48.00000000     37.00000000
     50.00000000     50.00000000     50.00000000     50.00000000     50.00000000     50.00000000     50.00000000     50.00000000     50.00000000     49.00000000     37.00000000
     50.00000000     50.00000000     50.00000000     50.00000000     50.00000000     50.00000000     50.00000000     50.00000000     50.00000000     50.00000000     38.00000000
     50.00000000     50.00000000     50.00000000     50.00000000     50.00000000     50.00000000     50.00000000     50.00000000     50.00000000     50.00000000     39.00000000
     50.00000000     50.00000000     50.00000000     50.00000000     50.00000000     50.00000000     50.00000000     50.00000000     50.00000000     50.00000000     40.00000000
     50.00000000     50.00000000     50.00000000     50.00000000     50.00000000     50.00000000     50.00000000     50.00000000     50.00000000     50.00000000     41.00000000
     50.00000000     50.00000000     50.00000000     50.00000000     50.00000000     50.00000000     50.00000000     50.00000000     50.00000000     50.00000000     42.00000000
     50.00000000     50.00000000     50.00000000     50.00000000     50.00000000     50.00000000     50.00000000     50.00000000     50.00000000     50.00000000     43.00000000
     50.00000000     50.00000000     50.00000000     50.00000000     50.00000000     50.00000000     50.00000000     50.00000000     50.00000000     50.00000000     44.00000000
     50.00000000     50.00000000     50.00000000     50.00000000     50.00000000     50.00000000     50.00000000     50.00000000     50.00000000     50.00000000     45.00000000
     50.00000000     50.00000000     50.00000000     50.00000000     50.00000000     50.00000000     50.00000000     50.00000000     50.00000000     50.00000000     45.00000000
     50.00000000     50.00000000     50.00000000     50.00000000     50.00000000     50.00000000     50.00000000     50.00000000     50.00000000     50.00000000     47.00000000
     50.00000000     50.00000000     50.00000000     50.00000000     50.00000000     50.00000000     50.00000000     50.00000000     50.00000000     50.00000000     47.00000000

     50.00000000     50.00000000     50.00000000     50.00000000     50.00000000     50.00000000     50.00000000     50.00000000     50.00000000     40.00000000     50.00000000
     50.00000000     50.00000000     50.00000000     50.00000000     50.00000000     50.00000000     50.00000000     50.00000000     50.00000000     41.00000000     50.00000000
     50.00000000     50.00000000     50.00000000     50.00000000     50.00000000     50.00000000     50.00000000     50.00000000     50.00000000     42.00000000     50.00000000
     50.00000000     50.00000000     50.00000000     50.00000000     50.00000000     50.00000000     50.00000000     50.00000000     50.00000000     43.00000000     50.00000000
     50.00000000     50.00000000     50.00000000     50.00000000     50.00000000     50.00000000     50.00000000     50.00000000     50.00000000     45.00000000     50.00000000
     50.00000000     50.00000000     50.00000000     50.00000000     50.00000000     50.00000000     50.00000000     50.00000000     50.00000000     45.00000000     50.00000000
     50.00000000     50.00000000     50.00000000     50.00000000     50.00000000     50.00000000     50.00000000     50.00000000     50.00000000     47.00000000     50.00000000
     50.00000000     50.00000000     50.00000000     50.00000000     50.00000000     50.00000000     50.00000000     50.00000000     50.00000000     48.00000000     50.00000000
     50.00000000     50.00000000     50.00000000     50.00000000     50.00000000     50.00000000     50.00000000     50.00000000     50.00000000     49.00000000     50.00000000
     50.00000000     50.00000000     50.00000000     50.00000000     50.00000000     50.00000000     50.00000000     50.00000000     50.00000000     50.00000000     50.00000000
     50.00000000     50.00000000     50.00000000     50.00000000     50.00000000     50.00000000     50.00000000     50.00000000     50.00000000     50.00000000     50.00000000
     50.00000000     50.00000000     50.00000000     50.00000000     50.00000000     50.00000000     50.00000000     50.00000000     50.00000000     50.00000000     50.00000000
     50.00000000     50.00000000     50.00000000     50.00000000     50.00000000     50.00000000     50.00000000     50.00000000     50.00000000     50.00000000     50.00000000
     50.00000000     50.00000000     50.00000000     50.00000000     50.00000000     50.00000000     50.00000000     50.00000000     50.00000000     50.00000000     50.00000000
     50.00000000     50.00000000     50.00000000     50.00000000     50.00000000     50.00000000     50.00000000     50.00000000     50.00000000     50.00000000     50.00000000
     50.00000000     50.00000000     50.00000000     50.00000000     50.00000000     50.00000000     50.00000000     50.00000000     50.00000000     50.00000000     50.00000000
     50.00000000     50.00000000     50.00000000     50.00000000     50.00000000     50.00000000     50.00000000     50.00000000     50.00000000     50.00000000     50.00000000
     50.00000000     50.00000000     50.00000000     50.00000000     50.00000000     50.00000000     50.00000000     50.00000000     50.00000000     50.00000000     50.00000000
     50.00000000     50.00000000     50.00000000     50.00000000     50.00000000     50.00000000     50.00000000     50.00000000     50.00000000     50.00000000     50.00000000
     50.00000000     50.00000000     50.00000000     50.00000000     50.00000000     50.00000000     50.00000000     50.00000000     50.00000000     50.00000000     50.00000000
     50.00000000     50.00000000     50.00000000     50.00000000     50.00000000     50.00000000     50.00000000     50.00000000     50.00000000     50.00000000     50.00000000

     50.00000000     50.00000000     50.00000000     50.00000000     50.00000000     50.00000000     50.00000000     50.00000000     50.00000000     50.00000000     50.00000000
     50.00000000     50.00000000     50.00000000     50.00000000     50.00000000     50.00000000     50.00000000     50.00000000     50.00000000     50.00000000     50.00000000
     50.00000000     50.00000000     50.00000000     50.00000000     50.00000000     50.00000000     50.00000000     50.00000000     50.00000000     50.00000000     50.00000000
     50.00000000     50.00000000     50.00000000     50.00000000     50.00000000     50.00000000     50.00000000     50.00000000     50.00000000     50.00000000     50.00000000
     50.00000000     50.00000000     50.00000000     50.00000000     50.00000000     50.00000000     50.00000000     50.00000000     50.00000000     50.00000000     50.00000000
     50.00000000     50.00000000     50.00000000     50.00000000     50.00000000     50.00000000     50.00000000     50.00000000     50.00000000     50.00000000     50.00000000
     50.00000000     50.00000000     50.00000000     50.00000000     50.00000000     50.00000000     50.00000000     50.00000000     50.00000000     50.00000000     50.00000000
     50.00000000     50.00000000     50.00000000     50.00000000     50.00000000     50.00000000     50.00000000     50.00000000     50.00000000     50.00000000     50.00000000
     50.00000000     50.00000000     50.00000000     50.00000000     50.00000000     50.00000000     50.00000000     50.00000000     50.00000000     50.00000000     50.00000000
     50.00000000     50.00000000     50.00000000     50.00000000     50.00000000     50.00000000     50.00000000     50.00000000     50.00000000     50.00000000     50.00000000
     50.00000000     50.00000000     50.00000000     50.00000000     50.00000000     50.00000000     50.00000000     50.00000000     50.00000000     50.00000000     50.00000000
     50.00000000     50.00000000     50.00000000     50.00000000     50.00000000     50.00000000     50.00000000     50.00000000     50.00000000     50.00000000     50.00000000
     50.00000000     50.00000000     50.00000000     50.00000000     50.00000000     50.00000000     50.00000000     50.00000000     50.00000000     50.00000000     50.00000000
     50.00000000     50.00000000     50.00000000     50.00000000     50.00000000     50.00000000     50.00000000     50.00000000     50.00000000     50.00000000     50.00000000
     50.00000000     50.00000000     50.00000000     50.00000000     50.00000000     50.00000000     50.00000000     50.00000000     50.00000000     50.00000000     50.00000000
     50.00000000     50.00000000     50.00000000     50.00000000     50.00000000     50.00000000     50.00000000     50.00000000     50.00000000     50.00000000     50.00000000
     50.00000000     50.00000000     50.00000000     50.00000000     50.00000000     50.00000000     50.00000000     50.00000000     50.00000000     50.00000000     50.00000000
     50.00000000     50.00000000     50.00000000     50.00000000     50.00000000     50.00000000     50.00000000     50.00000000     50.00000000     50.00000000     50.00000000
     50.00000000     50.00000000     50.00000000     50.00000000     50.00000000     50.00000000     50.00000000     50.00000000     50.00000000     50.00000000     50.00000000
     50.00000000     50.00000000     50.00000000     50.00000000     50.00000000     50.00000000     50.00000000     50.00000000     50.00000000     50.00000000     50.00000000
     50.00000000     50.00000000     50.00000000     50.00000000     50.00000000     50.00000000     50.00000000     50.00000000     50.00000000     50.00000000     50.00000000

     50.00000000     50.00000000     50.00000000     50.00000000     50.00000000     50.00000000     50.00000000     50.00000000     50.00000000     50.00000000     50.00000000
     50.00000000     50.00000000     50.00000000     50.00000000     50.00000000     50.00000000     50.00000000     50.00000000     50.00000000     50.00000000     50.00000000
     50.00000000     50.00000000     50.00000000     50.00000000     50.00000000     50.00000000     50.00000000     50.00000000     50.00000000     50.00000000     50.00000000
     50.00000000     50.00000000     50.00000000     50.00000000     50.00000000     50.00000000     50.00000000     50.00000000     50.00000000     50.00000000     50.00000000
     50.00000000     50.00000000     50.00000000     50.00000000     50.00000000     50.00000000     50.00000000     50.00000000     50.00000000     50.00000000     50.00000000
     50.00000000     50.00000000     50.00000000     50.00000000     50.00000000     50.00000000     50.00000000     50.00000000     50.00000000     50.00000000     50.00000000
     50.00000000     50.00000000     50.00000000     50.00000000     50.00000000     50.00000000     50.00000000     50.00000000     50.00000000     50.00000000     50.00000000
     50.00000000     50.00000000     50.00000000     50.00000000     50.00000000     50.00000000     50.00000000     50.00000000     50.00000000     50.00000000     50.00000000
     50.00000000     50.00000000     50.00000000     50.00000000     50.00000000     50.00000000     50.00000000     50.00000000     50.00000000     50.00000000     50.00000000
     50.00000000     50.00000000     50.00000000     50.00000000     50.00000000     50.00000000     50.00000000     50.00000000     50.00000000     50.00000000     50.00000000
     50.00000000     50.00000000     50.00000000     50.00000000     50.00000000     50.00000000     50.00000000     50.00000000     50.00000000     50.00000000     50.00000000
     50.00000000     50.00000000     50.00000000     50.00000000     50.00000000     50.00000000     50.00000000     50.00000000     50.00000000     50.00000000     50.00000000
     50.00000000     50.00000000     50.00000000     50.00000000     50.00000000     50.00000000     50.00000000     50.00000000     50.00000000     50.00000000     50.00000000
     50.00000000     50.00000000     50.00000000     50.00000000     50.00000000     50.00000000     50.00000000     50.00000000     50.00000000     50.00000000     50.00000000
     50.00000000     50.00000000     50.00000000     50.00000000     50.00000000     50.00000000     50.00000000     50.00000000     50.00000000     50.00000000     50.00000000
     50.00000000     50.00000000     50.00000000     50.00000000     50.00000000     50.00000000     50.00000000     50.00000000     50.00000000     50.00000000     50.00000000
     50.00000000     50.00000000     50.00000000     50.00000000     50.00000000     50.00000000     50.00000000     50.00000000     50.00000000     50.00000000     50.00000000
     50.00000000     50.00000000     50.00000000     50.00000000     50.00000000     50.00000000     50.00000000     50.00000000     50.00000000     50.00000000     50.00000000
     50.00000000     50.00000000     50.00000000     50.00000000     50.00000000     50.00000000     50.00000000     50.00000000     50.00000000     50.00000000     50.00000000
     50.00000000     50.00000000     50.00000000     50.00000000     50.00000000     50.00000000     50.00000000     50.00000000     50.00000000     50.00000000     50.00000000
     50.00000000     50.00000000     50.00000000     50.00000000     50.00000000     50.00000000     50.00000000     50.00000000     50.00000000     50.00000000     50.00000000

     50.00000000     50.00000000     50.00000000     50.00000000     50.00000000     50.00000000     50.00000000     50.00000000     50.00000000     50.00000000     50.00000000
     50.00000000     50.00000000     50.00000000     50.00000000     50.00000000     50.00000000     50.00000000     50.00000000     50.00000000     50.00000000     50.00000000
     50.00000000     50.00000000     50.00000000     50.00000000     50.00000000     50.00000000     50.00000000     50.00000000     50.00000000     50.00000000     50.00000000
     50.00000000     50.00000000     50.00000000     50.00000000     50.00000000     50.00000000     50.00000000     50.00000000     50.00000000     50.00000000     50.00000000
     50.00000000     50.00000000     50.00000000     50.00000000     50.00000000     50.00000000     50.00000000     50.00000000     50.00000000     50.00000000     50.00000000
     50.00000000     50.00000000     50.00000000     50.00000000     50.00000000     50.00000000     50.00000000     50.00000000     50.00000000     50.00000000     50.00000000
     50.00000000     50.00000000     50.00000000     50.00000000     50.00000000     50.00000000     50.00000000     50.00000000     50.00000000     50.00000000     50.00000000
     50.00000000     50.00000000     50.00000000     50.00000000     50.00000000     50.00000000     50.00000000     50.00000000     50.00000000     50.00000000     50.00000000
     50.00000000     50.00000000     50.00000000     50.00000000     50.00000000     50.00000000     50.00000000     50.00000000     50.00000000     50.00000000     50.00000000
     50.00000000     50.00000000     50.00000000     50.00000000     50.00000000     50.00000000     50.00000000     50.00000000     50.00000000     50.00000000     50.00000000
     50.00000000     50.00000000     50.00000000     50.00000000     50.00000000     50.00000000     50.00000000     50.00000000     50.00000000     50.00000000     50.00000000
     50.00000000     50.00000000     50.00000000     50.00000000     50.00000000     50.00000000     50.00000000     50.00000000     50.00000000     50.00000000     50.00000000
     50.00000000     50.00000000     50.00000000     50.00000000     50.00000000     50.00000000     50.00000000     50.00000000     50.00000000     50.00000000     50.00000000
     50.00000000     50.00000000     50.00000000     50.00000000     50.00000000     50.00000000     50.00000000     50.00000000     50.00000000     50.00000000     50.00000000
     50.00000000     50.00000000     50.00000000     50.00000000     50.00000000     50.00000000     50.00000000     50.00000000     50.00000000     50.00000000     50.00000000
     50.00000000     50.00000000     50.00000000     50.00000000     50.00000000     50.00000000     50.00000000     50.00000000     50.00000000     50.00000000     50.00000000
     50.00000000     50.00000000     50.00000000     50.00000000     50.00000000     50.00000000     50.00000000     50.00000000     50.00000000     50.00000000     50.00000000
     50.00000000     50.00000000     50.00000000     50.00000000     50.00000000     50.00000000     50.00000000     50.00000000     50.00000000     50.00000000     50.00000000
     50.00000000     50.00000000     50.00000000     50.00000000     50.00000000     50.00000000     50.00000000     50.00000000     50.00000000     50.00000000     50.00000000
     50.00000000     50.00000000     50.00000000     50.00000000     50.00000000     50.00000000     50.00000000     50.00000000     50.00000000     50.00000000     50.00000000
     50.00000000     50.00000000     50.00000000     50.00000000     50.00000000     50.00000000     50.00000000     50.00000000     50.00000000     50.00000000     50.00000000

     50.00000000     50.00000000     50.00000000     50.00000000     50.00000000     50.00000000     50.00000000     50.00000000     50.00000000     50.00000000     50.00000000
     50.00000000     50.00000000     50.00000000     50.00000000     50.00000000     50.00000000     50.00000000     50.00000000     50.00000000     50.00000000     50.00000000
     50.00000000     50.00000000     50.00000000     50.00000000     50.00000000     50.00000000     50.00000000     50.00000000     50.00000000     50.00000000     50.00000000
     50.00000000     50.00000000     50.00000000     50.00000000     50.00000000     50.00000000     50.00000000     50.00000000     50.00000000     50.00000000     50.00000000
     50.00000000     50.00000000     50.00000000     50.00000000     50.00000000     50.00000000     50.00000000     50.00000000     50.00000000     50.00000000     50.00000000
     50.00000000     50.00000000     50.00000000     50.00000000     50.00000000     50.00000000     50.00000000     50.00000000     50.00000000     50.00000000     50.00000000
     50.00000000     50.00000000     50.00000000     50.00000000     50.00000000     50.00000000     50.00000000     50.00000000     50.00000000     50.00000000     50.00000000
     50.00000000     50.00000000     50.00000000     50.00000000     50.00000000     50.00000000     50.00000000     50.00000000     50.00000000     50.00000000     50.00000000
     50.00000000     50.00000000     50.00000000     50.00000000     50.00000000     50.00000000     50.00000000     50.00000000     50.00000000     50.00000000     50.00000000
     50.00000000     50.00000000     50.00000000     50.00000000     50.00000000     50.00000000     50.00000000     50.00000000     50.00000000     50.00000000     50.00000000
     50.00000000     50.00000000     50.00000000     50.00000000     50.00000000     50.00000000     50.00000000     50.00000000     50.00000000     50.00000000     50.00000000
     50.00000000     50.00000000     50.00000000     50.00000000     50.00000000     50.00000000     50.00000000     50.00000000     50.00000000     50.00000000     50.00000000
     50.00000000     50.00000000     50.00000000     50.00000000     50.00000000     50.00000000     50.00000000     50.00000000     50.00000000     50.00000000     50.00000000
     50.00000000     50.00000000     50.00000000     50.00000000     50.00000000     50.00000000     50.00000000     50.00000000     50.00000000     50.00000000     50.00000000
     50.00000000     50.00000000     50.00000000     50.00000000     50.00000000     50.00000000     50.00000000     50.00000000     50.00000000     50.00000000     50.00000000
     50.00000000     50.00000000     50.00000000     50.00000000     50.00000000     50.00000000     50.00000000     50.00000000     50.00000000     50.00000000     50.00000000
     50.00000000     50.00000000     50.00000000     50.00000000     50.00000000     50.00000000     50.00000000     50.00000000     50.00000000     50.00000000     50.00000000
     50.00000000     50.00000000     50.00000000     50.00000000     50.00000000     50.00000000     50.00000000     50.00000000     50.00000000     50.00000000     50.00000000
     50.00000000     50.00000000     50.00000000     50.00000000     50.00000000     50.00000000     50.00000000     50.00000000     50.00000000     50.00000000     50.00000000
     50.00000000     50.00000000     50.00000000     50.00000000     50.00000000     50.00000000     50.00000000     50.00000000     50.00000000     50.00000000     50.00000000
     50.00000000     50.00000000     50.00000000     50.00000000     50.00000000     50.00000000     50.00000000     50.00000000     50.00000000     50.00000000     50.00000000

     50.00000000     50.00000000     50.00000000     50.00000000     50.00000000     50.00000000     50.00000000     50.00000000     50.00000000     50.00000000     50.00000000
     50.00000000     50.00000000     50.00000000     50.00000000     50.00000000     50.00000000     50.00000000     50.00000000     50.00000000     50.00000000     50.00000000
     50.00000000     50.00000000     50.00000000     50.00000000     50.00000000     50.00000000     50.00000000     50.00000000     50.00000000     50.00000000     50.00000000
     50.00000000     50.00000000     50.00000000     50.00000000     50.00000000     50.00000000     50.00000000     50.00000000     50.00000000     50.00000000     50.00000000
     50.00000000     50.00000000     50.00000000     50.00000000     50.00000000     50.00000000     50.00000000     50.00000000     50.00000000     50.00000000     50.00000000
     50.00000000     50.00000000     50.00000000     50.00000000     50.00000000     50.00000000     50.00000000     50.00000000     50.00000000     50.00000000     50.00000000
     50.00000000     50.00000000     50.00000000     50.00000000     50.00000000     50.00000000     50.00000000     50.00000000     50.00000000     50.00000000     50.00000000
     50.00000000     50.00000000     50.00000000     50.00000000     50.00000000     50.00000000     50.00000000     50.00000000     50.00000000     50.00000000     50.00000000
     50.00000000     50.00000000     50.00000000     50.00000000     50.00000000     50.00000000     50.00000000     50.00000000     50.00000000     50.00000000     50.00000000
     50.00000000     50.00000000     50.00000000     50.00000000     50.00000000     50.00000000     50.00000000     50.00000000     50.00000000     50.00000000     50.00000000
     50.00000000     50.00000000     50.00000000     50.00000000     50.00000000     50.00000000     50.00000000     50.00000000     50.00000000     50.00000000     50.00000000
     50.00000000     50.00000000     50.00000000     50.00000000     50.00000000     50.00000000     50.00000000     50.00000000     50.00000000     50.00000000     50.00000000
     50.00000000     50.00000000     50.00000000     50.00000000     50.00000000     50.00000000     50.00000000     50.00000000     50.00000000     50.00000000     50.00000000
     50.00000000     50.00000000     50.00000000     50.00000000     50.00000000     50.00000000     50.00000000     50.00000000     50.00000000     50.00000000     50.00000000
     50.00000000     50.00000000     50.00000000     50.00000000     50.00000000     50.00000000     50.00000000     50.00000000     50.00000000     50.00000000     50.00000000
     50.00000000     50.00000000     50.00000000     50.00000000     50.00000000     50.00000000     50.00000000     50.00000000     50.00000000     50.00000000     50.00000000
     50.00000000     50.00000000     50.00000000     50.00000000     50.00000000     50.00000000     50.00000000     50.00000000     50.00000000     50.00000000     50.00000000
     50.00000000     50.00000000     50.00000000     50.00000000     50.00000000     50.00000000     50.00000000     50.00000000     50.00000000     50.00000000     50.00000000
     50.00000000     50.00000000     50.00000000     50.00000000     50.00000000     50.00000000     50.00000000     50.00000000     50.00000000     50.00000000     50.00000000
     50.00000000     50.00000000     50.00000000     50.00000000     50.00000000     50.00000000     50.00000000     50.00000000     50.00000000     50.00000000     50.00000000
     50.00000000     50.00000000     50.00000000     50.00000000     50.00000000     50.00000000     50.00000000     50.00000000     50.00000000     50.00000000     50.00000000

     50.00000000     50.00000000     50.00000000     50.00000000     50.00000000     50.00000000     50.00000000     50.00000000     50.00000000     50.00000000     50.00000000
     50.00000000     50.00000000     50.00000000     50.00000000     50.00000000     50.00000000     50.00000000     50.00000000     50.00000000     50.00000000     50.00000000
     50.00000000     50.00000000     50.00000000     50.00000000     50.00000000     50.00000000     50.00000000     50.00000000     50.00000000     50.00000000     50.00000000
     50.00000000     50.00000000     50.00000000     50.00000000     50.00000000     50.00000000     50.00000000     50.00000000     50.00000000     50.00000000     50.00000000
     50.00000000     50.00000000     50.00000000     50.00000000     50.00000000     50.00000000     50.00000000     50.00000000     50.00000000     50.00000000     50.00000000
     50.00000000     50.00000000     50.00000000     50.00000000     50.00000000     50.00000000     50.00000000     50.00000000     50.00000000     50.00000000     50.00000000
     50.00000000     50.00000000     50.00000000     50.00000000     50.00000000     50.00000000     50.00000000     50.00000000     50.00000000     50.00000000     50.00000000
     50.00000000     50.00000000     50.00000000     50.00000000     50.00000000     50.00000000     50.00000000     50.00000000     50.00000000     50.00000000     50.00000000
     50.00000000     50.00000000     50.00000000     50.00000000     50.00000000     50.00000000     50.00000000     50.00000000     50.00000000     50.00000000     50.00000000
     50.00000000     50.00000000     50.00000000     50.00000000     50.00000000     50.00000000     50.00000000     50.00000000     50.00000000     50.00000000     50.00000000
     50.00000000     50.00000000     50.00000000     50.00000000     50.00000000     50.00000000     50.00000000     50.00000000     50.00000000     50.00000000     50.00000000
     50.00000000     50.00000000     50.00000000     50.00000000     50.00000000     50.00000000     50.00000000     50.00000000     50.00000000     50.00000000     50.00000000
     50.00000000     50.00000000     50.00000000     50.00000000     50.00000000     50.00000000     50.00000000     50.00000000     50.00000000     50.00000000     50.00000000
     50.00000000     50.00000000     50.00000000     50.00000000     50.00000000     50.00000000     50.00000000     50.00000000     50.00000000     50.00000000     50.00000000
     50.00000000     50.00000000     50.00000000     50.00000000     50.00000000     50.00000000     50.00000000     50.00000000     50.00000000     50.00000000     50.00000000
     50.00000000     50.00000000     50.00000000     50.00000000     50.00000000     50.00000000     50.00000000     50.00000000     50.00000000     50.00000000     50.00000000
     50.00000000     50.00000000     50.00000000     50.00000000     50.00000000     50.00000000     50.00000000     50.00000000     50.00000000     50.00000000     50.00000000
     50.00000000     50.00000000     50.00000000     50.00000000     50.00000000     50.00000000     50.00000000     50.00000000     50.00000000     50.00000000     50.00000000
     50.00000000     50.00000000     50.00000000     50.00000000     50.00000000     50.00000000     50.00000000     50.00000000     50.00000000     50.00000000     50.00000000
     50.00000000     50.00000000     50.00000000     50.00000000     50.00000000     50.00000000     50.00000000     50.00000000     50.00000000     50.00000000     50.00000000
     50.00000000     50.00000000     50.00000000     50.00000000     50.00000000     50.00000000     50.00000000     50.00000000     50.00000000     50.00000000     50.00000000

     50.00000000     50.00000000     50.00000000     50.00000000     50.00000000     50.00000000     50.00000000     50.00000000     50.00000000     50.00000000     50.00000000
     50.00000000     50.00000000     50.00000000     50.00000000     50.00000000     50.00000000     50.00000000     50.00000000     50.00000000     50.00000000     50.00000000
     50.00000000     50.00000000     50.00000000     50.00000000     50.00000000     50.00000000     50.00000000     50.00000000     50.00000000     50.00000000     50.00000000
     50.00000000     50.00000000     50.00000000     50.00000000     50.00000000     50.00000000     50.00000000     50.00000000     50.00000000     50.00000000     50.00000000
     50.00000000     50.00000000     50.00000000     50.00000000     50.00000000     50.00000000     50.00000000     50.00000000     50.00000000     50.00000000     50.00000000
     50.00000000     50.00000000     50.00000000     50.00000000     50.00000000     50.00000000     50.00000000     50.00000000     50.00000000     50.00000000     50.00000000
     50.00000000     50.00000000     50.00000000     50.00000000     50.00000000     50.00000000     50.00000000     50.00000000     50.00000000     50.00000000     50.00000000
     50.00000000     50.00000000     50.00000000     50.00000000     50.00000000     50.00000000     50.00000000     50.00000000     50.00000000     50.00000000     50.00000000
     50.00000000     50.00000000     50.00000000     50.00000000     50.00000000     50.00000000     50.00000000     50.00000000     50.00000000     50.00000000     50.00000000
     50.00000000     50.00000000     50.00000000     50.00000000     50.00000000     50.00000000     50.00000000     50.00000000     50.00000000     50.00000000     50.00000000
     50.00000000     50.00000000     50.00000000     50.00000000     50.00000000     50.00000000     50.00000000     50.00000000     50.00000000     50.00000000     50.00000000
     50.00000000     50.00000000     50.00000000     50.00000000     50.00000000     50.00000000     50.00000000     50.00000000     50.00000000     50.00000000     50.00000000
     50.00000000     50.00000000     50.00000000     50.00000000     50.00000000     50.00000000     50.00000000     50.00000000     50.00000000     50.00000000     50.00000000
     50.00000000     50.00000000     50.00000000     50.00000000     50.00000000     50.00000000     50.00000000     50.00000000     50.00000000     50.00000000     50.00000000
     50.00000000     50.00000000     50.00000000     50.00000000     50.00000000     50.00000000     50.00000000     50.00000000     50.00000000     50.00000000     50.00000000
     50.00000000     50.00000000     50.00000000     50.00000000     50.00000000     50.00000000     50.00000000     50.00000000     50.00000000     50.00000000     50.00000000
     50.00000000     50.00000000     50.00000000     50.00000000     50.00000000     50.00000000     50.00000000     50.00000000     50.00000000     50.00000000     50.00000000
     50.00000000     50.00000000     50.00000000     50.00000000     50.00000000     50.00000000     50.00000000     50.00000000     50.00000000     50.00000000     50.00000000
     50.00000000     50.00000000     50.00000000     50.00000000     50.00000000     50.00000000     50.00000000     50.00000000     50.00000000     50.00000000     50.00000000
     50.00000000     50.00000000     50.00000000     50.00000000     50.00000000     50.00000000     50.00000000     50.00000000     50.00000000     50.00000000     50.00000000
     50.00000000     50.00000000     50.00000000     50.00000000     50.00000000     50.00000000     50.00000000     50.00000000     50.00000000     50.00000000     50.00000000

     50.00000000     50.00000000     50.00000000     50.00000000     50.00000000     50.00000000     50.00000000     50.00000000     50.00000000     50.00000000     50.00000000
     50.00000000     50.00000000     50.00000000     50.00000000     50.00000000     50.00000000     50.00000000     50.00000000     50.00000000     50.00000000     50.00000000
     50.00000000     50.00000000     50.00000000     50.00000000     50.00000000     50.00000000     50.00000000     50.00000000     50.00000000     50.00000000     50.00000000
     50.00000000     50.00000000     50.00000000     50.00000000     50.00000000     50.00000000     50.00000000     50.00000000     50.00000000     50.00000000     50.00000000
     50.00000000     50.00000000     50.00000000     50.00000000     50.00000000     50.00000000     50.00000000     50.00000000     50.00000000     50.00000000     50.00000000
     50.00000000     50.00000000     50.00000000     50.00000000     50.00000000     50.00000000     50.00000000     50.00000000     50.00000000     50.00000000     50.00000000
     50.00000000     50.00000000     50.00000000     50.00000000     50.00000000     50.00000000     50.00000000     50.00000000     50.00000000     50.00000000     50.00000000
     50.00000000     50.00000000     50.00000000     50.00000000     50.00000000     50.00000000     50.00000000     50.00000000     50.00000000     50.00000000     50.00000000
     50.00000000     50.00000000     50.00000000     50.00000000     50.00000000     50.00000000     50.00000000     50.00000000     50.00000000     50.00000000     50.00000000
     50.00000000     50.00000000     50.00000000     50.00000000     50.00000000     50.00000000     50.00000000     50.00000000     50.00000000     50.00000000     50.00000000
     50.00000000     50.00000000     50.00000000     50.00000000     50.00000000     50.00000000     50.00000000     50.00000000     50.00000000     50.00000000     50.00000000
     50.00000000     50.00000000     50.00000000     50.00000000     50.00000000     50.00000000     50.00000000     50.00000000     50.00000000     50.00000000     50.00000000
     50.00000000     50.00000000     50.00000000     50.00000000     50.00000000     50.00000000     50.00000000     50.00000000     50.00000000     50.00000000     50.00000000
     50.00000000     50.00000000     50.00000000     50.00000000     50.00000000     50.00000000     50.00000000     50.00000000     50.00000000     50.00000000     50.00000000
     50.00000000     50.00000000     50.00000000     50.00000000     50.00000000     50.00000000     50.00000000     50.00000000     50.00000000     50.00000000     50.00000000
     50.00000000     50.00000000     50.00000000     50.00000000     50.00000000     50.00000000     50.00000000     50.00000000     50.00000000     50.00000000     50.00000000
     50.00000000     50.00000000     50.00000000     50.00000000     50.00000000     50.00000000     50.00000000     50.00000000     50.00000000     50.00000000     50.00000000
     50.00000000     50.00000000     50.00000000     50.00000000     50.00000000     50.00000000     50.00000000     50.00000000     50.00000000     50.00000000     50.00000000
     50.00000000     50.00000000     50.00000000     50.00000000     50.00000000     50.00000000     50.00000000     50.00000000     50.00000000     50.00000000     50.00000000
     50.00000000     50.00000000     50.00000000     50.00000000     50.00000000     50.00000000     50.00000000     50.00000000     50.00000000     50.00000000     50.00000000
     50.00000000     50.00000000     50.00000000     50.00000000     50.00000000     50.00000000     50.00000000     50.00000000     50.00000000     50.00000000     50.00000000

     50.00000000     50.00000000     50.00000000     50.00000000     50.00000000     50.00000000     50.00000000     50.00000000     50.00000000     50.00000000     50.00000000
     50.00000000     50.00000000     50.00000000     50.00000000     50.00000000     50.00000000     50.00000000     50.00000000     50.00000000     50.00000000     50.00000000
     50.00000000     50.00000000     50.00000000     50.00000000     50.00000000     50.00000000     50.00000000     50.00000000     50.00000000     50.00000000     50.00000000
     50.00000000     50.00000000     50.00000000     50.00000000     50.00000000     50.00000000     50.00000000     50.00000000     50.00000000     50.00000000     50.00000000
     50.00000000     50.00000000     50.00000000     50.00000000     50.00000000     50.00000000     50.00000000     50.00000000     50.00000000     50.00000000     50.00000000
     50.00000000     50.00000000     50.00000000     50.00000000     50.00000000     50.00000000     50.00000000     50.00000000     50.00000000     50.00000000     50.00000000
     50.00000000     50.00000000     50.00000000     50.00000000     50.00000000     50.00000000     50.00000000     50.00000000     50.00000000     50.00000000     50.00000000
     50.00000000     50.00000000     50.00000000     50.00000000     50.00000000     50.00000000     50.00000000     50.00000000     50.00000000     50.00000000     50.00000000
     50.00000000     50.00000000     50.00000000     50.00000000     50.00000000     50.00000000     50.00000000     50.00000000     50.00000000     50.00000000     50.00000000
     50.00000000     50.00000000     50.00000000     50.00000000     50.00000000     50.00000000     50.00000000     50.00000000     50.00000000     50.00000000     50.00000000
     50.00000000     50.00000000     50.00000000     50.00000000     50.00000000     50.00000000     50.00000000     50.00000000     50.00000000     50.00000000     50.00000000
     50.00000000     50.00000000     50.00000000     50.00000000     50.00000000     50.00000000     50.00000000     50.00000000     50.00000000     50.00000000     50.00000000
     50.00000000     50.00000000     50.00000000     50.00000000     50.00000000     50.00000000     50.00000000     50.00000000     50.00000000     50.00000000     50.00000000
     50.00000000     50.00000000     50.00000000     50.00000000     50.00000000     50.00000000     50.00000000     50.00000000     50.00000000     50.00000000     50.00000000
     50.00000000     50.00000000     50.00000000     50.00000000     50.00000000     50.00000000     50.00000000     50.00000000     50.00000000     50.00000000     50.00000000
     50.00000000     50.00000000     50.00000000     50.00000000     50.00000000     50.00000000     50.00000000     50.00000000     50.00000000     50.00000000     50.00000000
     50.00000000     50.00000000     50.00000000     50.00000000     50.00000000     50.00000000     50.00000000     50.00000000     50.00000000     50.00000000     50.00000000
     50.00000000     50.00000000     50.00000000     50.00000000     50.00000000     50.00000000     50.00000000     50.00000000     50.00000000     50.00000000     50.00000000
     50.00000000     50.00000000     50.00000000     50.00000000     50.00000000     50.00000000     50.00000000     50.00000000     50.00000000     50.00000000     50.00000000
     50.00000000     50.00000000     50.00000000     50.00000000     50.00000000     50.00000000     50.00000000     50.00000000     50.00000000     50.00000000     50.00000000
     50.00000000     50.00000000     50.00000000     50.00000000     50.00000000     50.00000000     50.00000000     50.00000000     50.00000000     50.00000000     50.00000000

     50.00000000     50.00000000     50.00000000     50.00000000     50.00000000     50.00000000     50.00000000     50.00000000     50.00000000     50.00000000     50.00000000
     50.00000000     50.00000000     50.00000000     50.00000000     50.00000000     50.00000000     50.00000000     50.00000000     50.00000000     50.00000000     50.00000000
     50.00000000     50.00000000     50.00000000     50.00000000     50.00000000     50.00000000     50.00000000     50.00000000     50.00000000     50.00000000     50.00000000
     50.00000000     50.00000000     50.00000000     50.00000000     50.00000000     50.00000000     50.00000000     50.00000000     50.00000000     50.00000000     50.00000000
     50.00000000     50.00000000     50.00000000     50.00000000     50.00000000     50.00000000     50.00000000     50.00000000     50.00000000     50.00000000     50.00000000
     50.00000000     50.00000000     50.00000000     50.00000000     50.00000000     50.00000000     50.00000000     50.00000000     50.00000000     50.00000000     50.00000000
     50.00000000     50.00000000     50.00000000     50.00000000     50.00000000     50.00000000     50.00000000     50.00000000     50.00000000     50.00000000     50.00000000
     50.00000000     50.00000000     50.00000000     50.00000000     50.00000000     50.00000000     50.00000000     50.00000000     50.00000000     50.00000000     50.00000000
     50.00000000     50.00000000     50.00000000     50.00000000     50.00000000     50.00000000     50.00000000     50.00000000     50.00000000     50.00000000     50.00000000
     50.00000000     50.00000000     50.00000000     50.00000000     50.00000000     50.00000000     50.00000000     50.00000000     50.00000000     50.00000000     50.00000000
     50.00000000     50.00000000     50.00000000     50.00000000     50.00000000     50.00000000     50.00000000     50.00000000     50.00000000     50.00000000     50.00000000
     50.00000000     50.00000000     50.00000000     50.00000000     50.00000000     50.00000000     50.00000000     50.00000000     50.00000000     50.00000000     50.00000000
     50.00000000     50.00000000     50.00000000     50.00000000     50.00000000     50.00000000     50.00000000     50.00000000     50.00000000     50.00000000     50.00000000
     50.00000000     50.00000000     50.00000000     50.00000000     50.00000000     50.00000000     50.00000000     50.00000000     50.00000000     50.00000000     50.00000000
     50.00000000     50.00000000     50.00000000     50.00000000     50.00000000     50.00000000     50.00000000     50.00000000     50.00000000     50.00000000     50.00000000
     50.00000000     50.00000000     50.00000000     50.00000000     50.00000000     50.00000000     50.00000000     50.00000000     50.00000000     50.00000000     50.00000000
     50.00000000     50.00000000     50.00000000     50.00000000     50.00000000     50.00000000     50.00000000     50.00000000     50.00000000     50.00000000     50.00000000
     50.00000000     50.00000000     50.00000000     50.00000000     50.00000000     50.00000000     50.00000000     50.00000000     50.00000000     50.00000000     50.00000000
     50.00000000     50.00000000     50.00000000     50.00000000     50.00000000     50.00000000     50.00000000     50.00000000     50.00000000     50.00000000     50.00000000
     50.00000000     50.00000000     50.00000000     50.00000000     50.00000000     50.00000000     50.00000000     50.00000000     50.00000000     50.00000000     50.00000000
     50.00000000     50.00000000     50.00000000     50.00000000     50.00000000     50.00000000     50.00000000     50.00000000     50.00000000     50.00000000     50.00000000

     50.00000000     50.00000000     50.00000000     50.00000000     50.00000000     50.00000000     50.00000000     50.00000000     50.00000000     50.00000000     50.00000000
     50.00000000     50.00000000     50.00000000     50.00000000     50.00000000     50.00000000     50.00000000     50.00000000     50.00000000     50.00000000     50.00000000
     50.00000000     50.00000000     50.00000000     50.00000000     50.00000000     50.00000000     50.00000000     50.00000000     50.00000000     50.00000000     50.00000000
     50.00000000     50.00000000     50.00000000     50.00000000     50.00000000     50.00000000     50.00000000     50.00000000     50.00000000     50.00000000     50.00000000
     50.00000000     50.00000000     50.00000000     50.00000000     50.00000000     50.00000000     50.00000000     50.00000000     50.00000000     50.00000000     50.00000000
     50.00000000     50.00000000     50.00000000     50.00000000     50.00000000     50.00000000     50.00000000     50.00000000     50.00000000     50.00000000     50.00000000
     50.00000000     50.00000000     50.00000000     50.00000000     50.00000000     50.00000000     50.00000000     50.00000000     50.00000000     50.00000000     50.00000000
     50.00000000     50.00000000     50.00000000     50.00000000     50.00000000     50.00000000     50.00000000     50.00000000     50.00000000     50.00000000     50.00000000
     50.00000000     50.00000000     50.00000000     50.00000000     50.00000000     50.00000000     50.00000000     50.00000000     50.00000000     50.00000000     50.00000000
     50.00000000     50.00000000     50.00000000     50.00000000     50.00000000     50.00000000     50.00000000     50.00000000     50.00000000     50.00000000     50.00000000
     50.00000000     50.00000000     50.00000000     50.00000000     50.00000000     50.00000000     50.00000000     50.00000000     50.00000000     50.00000000     50.00000000
     50.00000000     50.00000000     50.00000000     50.00000000     50.00000000     50.00000000     50.00000000     50.00000000     50.00000000     50.00000000     50.00000000
     50.00000000     50.00000000     50.00000000     50.00000000     50.00000000     50.00000000     50.00000000     50.00000000     50.00000000     50.00000000     50.00000000
     50.00000000     50.00000000     50.00000000     50.00000000     50.00000000     50.00000000     50.00000000     50.00000000     50.00000000     50.00000000     50.00000000
     50.00000000     50.00000000     50.00000000     50.00000000     50.00000000     50.00000000     50.00000000     50.00000000     50.00000000     50.00000000     50.00000000
     50.00000000     50.00000000     50.00000000     50.00000000     50.00000000     50.00000000     50.00000000     50.00000000     50.00000000     50.00000000     50.00000000
     50.00000000     50.00000000     50.00000000     50.00000000     50.00000000     50.00000000     50.00000000     50.00000000     50.00000000     50.00000000     50.00000000
     50.00000000     50.00000000     50.00000000     50.00000000     50.00000000     50.00000000     50.00000000     50.00000000     50.00000000     50.00000000     50.00000000
     50.00000000     50.00000000     50.00000000     50.00000000     50.00000000     50.00000000     50.00000000     50.00000000     50.00000000     50.00000000     50.00000000
     50.00000000     50.00000000     50.00000000     50.00000000     50.00000000     50.00000000     50.00000000     50.00000000     50.00000000     50.00000000     50.00000000
     50.00000000     50.00000000     50.00000000     50.00000000     50.00000000     50.00000000     50.00000000     50.00000000     50.00000000     50.00000000     50.00000000

     50.00000000     50.00000000     50.00000000     50.00000000     50.00000000     50.00000000     50.00000000     50.00000000     50.00000000     50.00000000     50.00000000
     50.00000000     50.00000000     50.00000000     50.00000000     50.00000000     50.00000000     50.00000000     50.00000000     50.00000000     50.00000000     50.00000000
     50.00000000     50.00000000     50.00000000     50.00000000     50.00000000     50.00000000     50.00000000     50.00000000     50.00000000     50.00000000     50.00000000
     50.00000000     50.00000000     50.00000000     50.00000000     50.00000000     50.00000000     50.00000000     50.00000000     50.00000000     50.00000000     50.00000000
     50.00000000     50.00000000     50.00000000     50.00000000     50.00000000     50.00000000     50.00000000     50.00000000     50.00000000     50.00000000     50.00000000
     50.00000000     50.00000000     50.00000000     50.00000000     50.00000000     50.00000000     50.00000000     50.00000000     50.00000000     50.00000000     50.00000000
     50.00000000     50.00000000     50.00000000     50.00000000     50.00000000     50.00000000     50.00000000     50.00000000     50.00000000     50.00000000     50.00000000
     50.00000000     50.00000000     50.00000000     50.00000000     50.00000000     50.00000000     50.00000000     50.00000000     50.00000000     50.00000000     50.00000000
     50.00000000     50.00000000     50.00000000     50.00000000     50.00000000     50.00000000     50.00000000     50.00000000     50.00000000     50.00000000     50.00000000
     50.00000000     50.00000000     50.00000000     50.00000000     50.00000000     50.00000000     50.00000000     50.00000000     50.00000000     50.00000000     50.00000000
     50.00000000     50.00000000     50.00000000     50.00000000     50.00000000     50.00000000     50.00000000     50.00000000     50.00000000     50.00000000     50.00000000
     50.00000000     50.00000000     50.00000000     50.00000000     50.00000000     50.00000000     50.00000000     50.00000000     50.00000000     50.00000000     50.00000000
     50.00000000     50.00000000     50.00000000     50.00000000     50.00000000     50.00000000     50.00000000     50.00000000     50.00000000     50.00000000     50.00000000
     50.00000000     50.00000000     50.00000000     50.00000000     50.00000000     50.00000000     50.00000000     50.00000000     50.00000000     50.00000000     50.00000000
     50.00000000     50.00000000     50.00000000     50.00000000     50.00000000     50.00000000     50.00000000     50.00000000     50.00000000     50.00000000     50.00000000
     50.00000000     50.00000000     50.00000000     50.00000000     50.00000000     50.00000000     50.00000000     50.00000000     50.00000000     50.00000000     50.00000000
     50.00000000     50.00000000     50.00000000     50.00000000     50.00000000     50.00000000     50.00000000     50.00000000     50.00000000     50.00000000     50.00000000
     50.00000000     50.00000000     50.00000000     50.00000000     50.00000000     50.00000000     50.00000000     50.00000000     50.00000000     50.00000000     50.00000000
     50.00000000     50.00000000     50.00000000     50.00000000     50.00000000     50.00000000     50.00000000     50.00000000     50.00000000     50.00000000     50.00000000
     50.00000000     50.00000000     50.00000000     50.00000000     50.00000000     50.00000000     50.00000000     50.00000000     50.00000000     50.00000000     50.00000000
     50.00000000     50.00000000     50.00000000     50.00000000     50.00000000     50.00000000     50.00000000     50.00000000     50.00000000     50.00000000     50.00000000

     50.00000000     50.00000000     50.00000000     50.00000000     50.00000000     50.00000000     50.00000000     50.00000000     50.00000000     50.00000000     50.00000000
     50.00000000     50.00000000     50.00000000     50.00000000     50.00000000     50.00000000     50.00000000     50.00000000     50.00000000     50.00000000     50.00000000
     50.00000000     50.00000000     50.00000000     50.00000000     50.00000000     50.00000000     50.00000000     50.00000000     50.00000000     50.00000000     50.00000000
     50.00000000     50.00000000     50.00000000     50.00000000     50.00000000     50.00000000     50.00000000     50.00000000     50.00000000     50.00000000     50.00000000
     50.00000000     50.00000000     50.00000000     50.00000000     50.00000000     50.00000000     50.00000000     50.00000000     50.00000000     50.00000000     50.00000000
     50.00000000     50.00000000     50.00000000     50.00000000     50.00000000     50.00000000     50.00000000     50.00000000     50.00000000     50.00000000     50.00000000
     50.00000000     50.00000000     50.00000000     50.00000000     50.00000000     50.00000000     50.00000000     50.00000000     50.00000000     50.00000000     50.00000000
     50.00000000     50.00000000     50.00000000     50.00000000     50.00000000     50.00000000     50.00000000     50.00000000     50.00000000     50.00000000     50.00000000
     50.00000000     50.00000000     50.00000000     50.00000000     50.00000000     50.00000000     50.00000000     50.00000000     50.00000000     50.00000000     50.00000000
     50.00000000     50.00000000     50.00000000     50.00000000     50.00000000     50.00000000     50.00000000     50.00000000     50.00000000     50.00000000     50.00000000
     50.00000000     50.00000000     50.00000000     50.00000000     50.00000000     50.00000000     50.00000000     50.00000000     50.00000000     50.00000000     50.00000000
     50.00000000     50.00000000     50.00000000     50.00000000     50.00000000     50.00000000     50.00000000     50.00000000     50.00000000     50.00000000     50.00000000
     50.00000000     50.00000000     50.00000000     50.00000000     50.00000000     50.00000000     50.00000000     50.00000000     50.00000000     50.00000000     50.00000000
     50.00000000     50.00000000     50.00000000     50.00000000     50.00000000     50.00000000     50.00000000     50.00000000     50.00000000     50.00000000     50.00000000
     50.00000000     50.00000000     50.00000000     50.00000000     50.00000000     50.00000000     50.00000000     50.00000000     50.00000000     50.00000000     50.00000000
     50.00000000     50.00000000     50.00000000     50.00000000     50.00000000     50.00000000     50.00000000     50.00000000     50.00000000     50.00000000     50.00000000
     50.00000000     50.00000000     50.00000000     50.00000000     50.00000000     50.00000000     50.00000000     50.00000000     50.00000000     50.00000000     50.00000000
     50.00000000     50.00000000     50.00000000     50.00000000     50.00000000     50.00000000     50.00000000     50.00000000     50.00000000     50.00000000     50.00000000
     50.00000000     50.00000000     50.00000000     50.00000000     50.00000000     50.00000000     50.00000000     50.00000000     50.00000000     50.00000000     50.00000000
     50.00000000     50.00000000     50.00000000     50.00000000     50.00000000     50.00000000     50.00000000     50.00000000     50.00000000     50.00000000     50.00000000
     50.00000000     50.00000000     50.00000000     50.00000000     50.00000000     50.00000000     50.00000000     50.00000000     50.00000000     50.00000000     50.00000000

     50.00000000     50.00000000     50.00000000     50.00000000     50.00000000     50.00000000     50.00000000     50.00000000     50.00000000     50.00000000     50.00000000
     50.00000000     50.00000000     50.00000000     50.00000000     50.00000000     50.00000000     50.00000000     50.00000000     50.00000000     50.00000000     50.00000000
     50.00000000     50.00000000     50.00000000     50.00000000     50.00000000     50.00000000     50.00000000     50.00000000     50.00000000     50.00000000     50.00000000
     50.00000000     50.00000000     50.00000000     50.00000000     50.00000000     50.00000000     50.00000000     50.00000000     50.00000000     50.00000000     50.00000000
     50.00000000     50.00000000     50.00000000     50.00000000     50.00000000     50.00000000     50.00000000     50.00000000     50.00000000     50.00000000     50.00000000
     50.00000000     50.00000000     50.00000000     50.00000000     50.00000000     50.00000000     50.00000000     50.00000000     50.00000000     50.00000000     50.00000000
     50.00000000     50.00000000     50.00000000     50.00000000     50.00000000     50.00000000     50.00000000     50.00000000     50.00000000     50.00000000     50.00000000
     50.00000000     50.00000000     50.00000000     50.00000000     50.00000000     50.00000000     50.00000000     50.00000000     50.00000000     50.00000000     50.00000000
     50.00000000     50.00000000     50.00000000     50.00000000     50.00000000     50.00000000     50.00000000     50.00000000     50.00000000     50.00000000     50.00000000
     50.00000000     50.00000000     50.00000000     50.00000000     50.00000000     50.00000000     50.00000000     50.00000000     50.00000000     50.00000000     50.00000000
     50.00000000     50.00000000     50.00000000     50.00000000     50.00000000     50.00000000     50.00000000     50.00000000     50.00000000     50.00000000     50.00000000
     50.00000000     50.00000000     50.00000000     50.00000000     50.00000000     50.00000000     50.00000000     50.00000000     50.00000000     50.00000000     50.00000000
     50.00000000     50.00000000     50.00000000     50.00000000     50.00000000     50.00000000     50.00000000     50.00000000     50.00000000     50.00000000     50.00000000
     50.00000000     50.00000000     50.00000000     50.00000000     50.00000000     50.00000000     50.00000000     50.00000000     50.00000000     50.00000000     50.00000000
     50.00000000     50.00000000     50.00000000     50.00000000     50.00000000     50.00000000     50.00000000     50.00000000     50.00000000     50.00000000     50.00000000
     50.00000000     50.00000000     50.00000000     50.00000000     50.00000000     50.00000000     50.00000000     50.00000000     50.00000000     50.00000000     50.00000000
     50.00000000     50.00000000     50.00000000     50.00000000     50.00000000     50.00000000     50.00000000     50.00000000     50.00000000     50.00000000     50.00000000
     50.00000000     50.00000000     50.00000000     50.00000000     50.00000000     50.00000000     50.00000000     50.00000000     50.00000000     50.00000000     50.00000000
     50.00000000     50.00000000     50.00000000     50.00000000     50.00000000     50.00000000     50.00000000     50.00000000     50.00000000     50.00000000     50.00000000
     50.00000000     50.00000000     50.00000000     50.00000000     50.00000000     50.00000000     50.00000000     50.00000000     50.00000000     50.00000000     50.00000000
     50.00000000     50.00000000     50.00000000     50.00000000     50.00000000     50.00000000     50.00000000     50.00000000     50.00000000     50.00000000     50.00000000

     50.00000000     50.00000000     50.00000000     50.00000000     50.00000000     50.00000000     50.00000000     50.00000000     50.00000000     50.00000000     50.00000000
     50.00000000     50.00000000     50.00000000     50.00000000     50.00000000     50.00000000     50.00000000     50.00000000     50.00000000     50.00000000     50.00000000
     50.00000000     50.00000000     50.00000000     50.00000000     50.00000000     50.00000000     50.00000000     50.00000000     50.00000000     50.00000000     50.00000000
     50.00000000     50.00000000     50.00000000     50.00000000     50.00000000     50.00000000     50.00000000     50.00000000     50.00000000     50.00000000     50.00000000
     50.00000000     50.00000000     50.00000000     50.00000000     50.00000000     50.00000000     50.00000000     50.00000000     50.00000000     50.00000000     50.00000000
     50.00000000     50.00000000     50.00000000     50.00000000     50.00000000     50.00000000     50.00000000     50.00000000     50.00000000     50.00000000     50.00000000
     50.00000000     50.00000000     50.00000000     50.00000000     50.00000000     50.00000000     50.00000000     50.00000000     50.00000000     50.00000000     50.00000000
     50.00000000     50.00000000     50.00000000     50.00000000     50.00000000     50.00000000     50.00000000     50.00000000     50.00000000     50.00000000     50.00000000
     50.00000000     50.00000000     50.00000000     50.00000000     50.00000000     50.00000000     50.00000000     50.00000000     50.00000000     50.00000000     50.00000000
     50.00000000     50.00000000     50.00000000     50.00000000     50.00000000     50.00000000     50.00000000     50.00000000     50.00000000     50.00000000     50.00000000
     50.00000000     50.00000000     50.00000000     50.00000000     50.00000000     50.00000000     50.00000000     50.00000000     50.00000000     50.00000000     50.00000000
     50.00000000     50.00000000     50.00000000     50.00000000     50.00000000     50.00000000     50.00000000     50.00000000     50.00000000     50.00000000     50.00000000
     50.00000000     50.00000000     50.00000000     50.00000000     50.00000000     50.00000000     50.00000000     50.00000000     50.00000000     50.00000000     50.00000000
     50.00000000     50.00000000     50.00000000     50.00000000     50.00000000     50.00000000     50.00000000     50.00000000     50.00000000     50.00000000     50.00000000
     50.00000000     50.00000000     50.00000000     50.00000000     50.00000000     50.00000000     50.00000000     50.00000000     50.00000000     50.00000000     50.00000000
     50.00000000     50.00000000     50.00000000     50.00000000     50.00000000     50.00000000     50.00000000     50.00000000     50.00000000     50.00000000     50.00000000
     50.00000000     50.00000000     50.00000000     50.00000000     50.00000000     50.00000000     50.00000000     50.00000000     50.00000000     50.00000000     50.00000000
     50.00000000     50.00000000     50.00000000     50.00000000     50.00000000     50.00000000     50.00000000     50.00000000     50.00000000     50.00000000     50.00000000
     50.00000000     50.00000000     50.00000000     50.00000000     50.00000000     50.00000000     50.00000000     50.00000000     50.00000000     50.00000000     50.00000000
     50.00000000     50.00000000     50.00000000     50.00000000     50.00000000     50.00000000     50.00000000     50.00000000     50.00000000     50.00000000     50.00000000
     50.00000000     50.00000000     50.00000000     50.00000000     50.00000000     50.00000000     50.00000000     50.00000000     50.00000000     50.00000000     50.00000000

     50.00000000     50.00000000     50.00000000     50.00000000     50.00000000     50.00000000     50.00000000     50.00000000     50.00000000     50.00000000     50.00000000
     50.00000000     50.00000000     50.00000000     50.00000000     50.00000000     50.00000000     50.00000000     50.00000000     50.00000000     50.00000000     50.00000000
     50.00000000     50.00000000     50.00000000     50.00000000     50.00000000     50.00000000     50.00000000     50.00000000     50.00000000     50.00000000     50.00000000
     50.00000000     50.00000000     50.00000000     50.00000000     50.00000000     50.00000000     50.00000000     50.00000000     50.00000000     50.00000000     50.00000000
     50.00000000     50.00000000     50.00000000     50.00000000     50.00000000     50.00000000     50.00000000     50.00000000     50.00000000     50.00000000     50.00000000
     50.00000000     50.00000000     50.00000000     50.00000000     50.00000000     50.00000000     50.00000000     50.00000000     50.00000000     50.00000000     50.00000000
     50.00000000     50.00000000     50.00000000     50.00000000     50.00000000     50.00000000     50.00000000     50.00000000     50.00000000     50.00000000     50.00000000
     50.00000000     50.00000000     50.00000000     50.00000000     50.00000000     50.00000000     50.00000000     50.00000000     50.00000000     50.00000000     50.00000000
     50.00000000     50.00000000     50.00000000     50.00000000     50.00000000     50.00000000     50.00000000     50.00000000     50.00000000     50.00000000     50.00000000
     50.00000000     50.00000000     50.00000000     50.00000000     50.00000000     50.00000000     50.00000000     50.00000000     50.00000000     50.00000000     50.00000000
     50.00000000     50.00000000     50.00000000     50.00000000     50.00000000     50.00000000     50.00000000     50.00000000     50.00000000     50.00000000     50.00000000
     50.00000000     50.00000000     50.00000000     50.00000000     50.00000000     50.00000000     50.00000000     50.00000000     50.00000000     50.00000000     50.00000000
     50.00000000     50.00000000     50.00000000     50.00000000     50.00000000     50.00000000     50.00000000     50.00000000     50.00000000     50.00000000     50.00000000
     50.00000000     50.00000000     50.00000000     50.00000000     50.00000000     50.00000000     50.00000000     50.00000000     50.00000000     50.00000000     50.00000000
     50.00000000     50.00000000     50.00000000     50.00000000     50.00000000     50.00000000     50.00000000     50.00000000     50.00000000     50.00000000     50.00000000
     50.00000000     50.00000000     50.00000000     50.00000000     50.00000000     50.00000000     50.00000000     50.00000000     50.00000000     50.00000000     50.00000000
     50.00000000     50.00000000     50.00000000     50.00000000     50.00000000     50.00000000     50.00000000     50.00000000     50.00000000     50.00000000     50.00000000
     50.00000000     50.00000000     50.00000000     50.00000000     50.00000000     50.00000000     50.00000000     50.00000000     50.00000000     50.00000000     50.00000000
     50.00000000     50.00000000     50.00000000     50.00000000     50.00000000     50.00000000     50.00000000     50.00000000     50.00000000     50.00000000     50.00000000
     50.00000000     50.00000000     50.00000000     50.00000000     50.00000000     50.00000000     50.00000000     50.00000000     50.00000000     50.00000000     50.00000000
     50.00000000     50.00000000     50.00000000     50.00000000     50.00000000     50.00000000     50.00000000     50.00000000     50.00000000     50.00000000     50.00000000

     50.00000000     50.00000000     50.00000000     50.00000000     50.00000000     50.00000000     50.00000000     50.00000000     50.00000000     50.00000000     50.00000000
     50.00000000     50.00000000     50.00000000     50.00000000     50.00000000     50.00000000     50.00000000     50.00000000     50.00000000     50.00000000     50.00000000
     50.00000000     50.00000000     50.00000000     50.00000000     50.00000000     50.00000000     50.00000000     50.00000000     50.00000000     50.00000000     50.00000000
     50.00000000     50.00000000     50.00000000     50.00000000     50.00000000     50.00000000     50.00000000     50.00000000     50.00000000     50.00000000     50.00000000
     50.00000000     50.00000000     50.00000000     50.00000000     50.00000000     50.00000000     50.00000000     50.00000000     50.00000000     50.00000000     50.00000000
     50.00000000     50.00000000     50.00000000     50.00000000     50.00000000     50.00000000     50.00000000     50.00000000     50.00000000     50.00000000     50.00000000
     50.00000000     50.00000000     50.00000000     50.00000000     50.00000000     50.00000000     50.00000000     50.00000000     50.00000000     50.00000000     50.00000000
     50.00000000     50.00000000     50.00000000     50.00000000     50.00000000     50.00000000     50.00000000     50.00000000     50.00000000     50.00000000     50.00000000
     50.00000000     50.00000000     50.00000000     50.00000000     50.00000000     50.00000000     50.00000000     50.00000000     50.00000000     50.00000000     50.00000000
     50.00000000     50.00000000     50.00000000     50.00000000     50.00000000     50.00000000     50.00000000     50.00000000     50.00000000     50.00000000     50.00000000
     50.00000000     50.00000000     50.00000000     50.00000000     50.00000000     50.00000000     50.00000000     50.00000000     50.00000000     50.00000000     50.00000000
     50.00000000     50.00000000     50.00000000     50.00000000     50.00000000     50.00000000     50.00000000     50.00000000     50.00000000     50.00000000     50.00000000
     50.00000000     50.00000000     50.00000000     50.00000000     50.00000000     50.00000000     50.00000000     50.00000000     50.00000000     50.00000000     50.00000000
     50.00000000     50.00000000     50.00000000     50.00000000     50.00000000     50.00000000     50.00000000     50.00000000     50.00000000     50.00000000     50.00000000
     50.00000000     50.00000000     50.00000000     50.00000000     50.00000000     50.00000000     50.00000000     50.00000000     50.00000000     50.00000000     50.00000000
     50.00000000     50.00000000     50.00000000     50.00000000     50.00000000     50.00000000     50.00000000     50.00000000     50.00000000     50.00000000     50.00000000
     50.00000000     50.00000000     50.00000000     50.00000000     50.00000000     50.00000000     50.00000000     50.00000000     50.00000000     50.00000000     50.00000000
     50.00000000     50.00000000     50.00000000     50.00000000     50.00000000     50.00000000     50.00000000     50.00000000     50.00000000     50.00000000     50.00000000
     50.00000000     50.00000000     50.00000000     50.00000000     50.00000000     50.00000000     50.00000000     50.00000000     50.00000000     50.00000000     50.00000000
     50.00000000     50.00000000     50.00000000     50.00000000     50.00000000     50.00000000     50.00000000     50.00000000     50.00000000     50.00000000     50.00000000
     50.00000000     50.00000000     50.00000000     50.00000000     50.00000000     50.00000000     50.00000000     50.00000000     50.00000000     50.00000000     50.00000000

     50.00000000     50.00000000     50.00000000     50.00000000     50.00000000     50.00000000     50.00000000     50.00000000     50.00000000     50.00000000     50.00000000
     50.00000000     50.00000000     50.00000000     50.00000000     50.00000000     50.00000000     50.00000000     50.00000000     50.00000000     50.00000000     50.00000000
     50.00000000     50.00000000     50.00000000     50.00000000     50.00000000     50.00000000     50.00000000     50.00000000     50.00000000     50.00000000     50.00000000
     50.00000000     50.00000000     50.00000000     50.00000000     50.00000000     50.00000000     50.00000000     50.00000000     50.00000000     50.00000000     50.00000000
     50.00000000     50.00000000     50.00000000     50.00000000     50.00000000     50.00000000     50.00000000     50.00000000     50.00000000     50.00000000     50.00000000
     50.00000000     50.00000000     50.00000000     50.00000000     50.00000000     50.00000000     50.00000000     50.00000000     50.00000000     50.00000000     50.00000000
     50.00000000     50.00000000     50.00000000     50.00000000     50.00000000     50.00000000     50.00000000     50.00000000     50.00000000     50.00000000     50.00000000
     50.00000000     50.00000000     50.00000000     50.00000000     50.00000000     50.00000000     50.00000000     50.00000000     50.00000000     50.00000000     50.00000000
     50.00000000     50.00000000     50.00000000     50.00000000     50.00000000     50.00000000     50.00000000     50.00000000     50.00000000     50.00000000     50.00000000
     50.00000000     50.00000000     50.00000000     50.00000000     50.00000000     50.00000000     50.00000000     50.00000000     50.00000000     50.00000000     50.00000000
     50.00000000     50.00000000     50.00000000     50.00000000     50.00000000     50.00000000     50.00000000     50.00000000     50.00000000     50.00000000     50.00000000
     50.00000000     50.00000000     50.00000000     50.00000000     50.00000000     50.00000000     50.00000000     50.00000000     50.00000000     50.00000000     50.00000000
     50.00000000     50.00000000     50.00000000     50.00000000     50.00000000     50.00000000     50.00000000     50.00000000     50.00000000     50.00000000     50.00000000
     50.00000000     50.00000000     50.00000000     50.00000000     50.00000000     50.00000000     50.00000000     50.00000000     50.00000000     50.00000000     50.00000000
     50.00000000     50.00000000     50.00000000     50.00000000     50.00000000     50.00000000     50.00000000     50.00000000     50.00000000     50.00000000     50.00000000
     50.00000000     50.00000000     50.00000000     50.00000000     50.00000000     50.00000000     50.00000000     50.00000000     50.00000000     50.00000000     50.00000000
     50.00000000     50.00000000     50.00000000     50.00000000     50.00000000     50.00000000     50.00000000     50.00000000     50.00000000     50.00000000     50.00000000
     50.00000000     50.00000000     50.00000000     50.00000000     50.00000000     50.00000000     50.00000000     50.00000000     50.00000000     50.00000000     50.00000000
     50.00000000     50.00000000     50.00000000     50.00000000     50.00000000     50.00000000     50.00000000     50.00000000     50.00000000     50.00000000     50.00000000
     50.00000000     50.00000000     50.00000000     50.00000000     50.00000000     50.00000000     50.00000000     50.00000000     50.00000000     50.00000000     50.00000000
     50.00000000     50.00000000     50.00000000     50.00000000     50.00000000     50.00000000     50.00000000     50.00000000     50.00000000     50.00000000     50.00000000

     50.00000000     50.00000000     50.00000000     50.00000000     50.00000000     50.00000000     50.00000000     50.00000000     50.00000000     50.00000000     50.00000000
     50.00000000     50.00000000     50.00000000     50.00000000     50.00000000     50.00000000     50.00000000     50.00000000     50.00000000     50.00000000     50.00000000
     50.00000000     50.00000000     50.00000000     50.00000000     50.00000000     50.00000000     50.00000000     50.00000000     50.00000000     50.00000000     50.00000000
     50.00000000     50.00000000     50.00000000     50.00000000     50.00000000     50.00000000     50.00000000     50.00000000     50.00000000     50.00000000     50.00000000
     50.00000000     50.00000000     50.00000000     50.00000000     50.00000000     50.00000000     50.00000000     50.00000000     50.00000000     50.00000000     50.00000000
     50.00000000     50.00000000     50.00000000     50.00000000     50.00000000     50.00000000     50.00000000     50.00000000     50.00000000     50.00000000     50.00000000
     50.00000000     50.00000000     50.00000000     50.00000000     50.00000000     50.00000000     50.00000000     50.00000000     50.00000000     50.00000000     50.00000000
     50.00000000     50.00000000     50.00000000     50.00000000     50.00000000     50.00000000     50.00000000     50.00000000     50.00000000     50.00000000     50.00000000
     50.00000000     50.00000000     50.00000000     50.00000000     50.00000000     50.00000000     50.00000000     50.00000000     50.00000000     50.00000000     50.00000000
     50.00000000     50.00000000     50.00000000     50.00000000     50.00000000     50.00000000     50.00000000     50.00000000     50.00000000     50.00000000     50.00000000
     50.00000000     50.00000000     50.00000000     50.00000000     50.00000000     50.00000000     50.00000000     50.00000000     50.00000000     50.00000000     50.00000000
     50.00000000     50.00000000     50.00000000     50.00000000     50.00000000     50.00000000     50.00000000     50.00000000     50.00000000     50.00000000     50.00000000
     50.00000000     50.00000000     50.00000000     50.00000000     50.00000000     50.00000000     50.00000000     50.00000000     50.00000000     50.00000000     50.00000000
     50.00000000     50.00000000     50.00000000     50.00000000     50.00000000     50.00000000     50.00000000     50.00000000     50.00000000     50.00000000     50.00000000
     50.00000000     50.00000000     50.00000000     50.00000000     50.00000000     50.00000000     50.00000000     50.00000000     50.00000000     50.00000000     50.00000000
     50.00000000     50.00000000     50.00000000     50.00000000     50.00000000     50.00000000     50.00000000     50.00000000     50.00000000     50.00000000     50.00000000
     50.00000000     50.00000000     50.00000000     50.00000000     50.00000000     50.00000000     50.00000000     50.00000000     50.00000000     50.00000000     50.00000000
     50.00000000     50.00000000     50.00000000     50.00000000     50.00000000     50.00000000     50.00000000     50.00000000     50.00000000     50.00000000     50.00000000
     50.00000000     50.00000000     50.00000000     50.00000000     50.00000000     50.00000000     50.00000000     50.00000000     50.00000000     50.00000000     50.00000000
     50.00000000     50.00000000     50.00000000     50.00000000     50.00000000     50.00000000     50.00000000     50.00000000     50.00000000     50.00000000     50.00000000
     50.00000000     50.00000000     50.00000000     50.00000000     50.00000000     50.00000000     50.00000000     50.00000000     50.00000000     50.00000000     50.00000000

