     -0.30890733      -0.31008190      -0.31171883      -0.31390753      -0.31682662      -0.32090038      -0.32714515      -0.33540987      -0.34552752      -0.35703908      -0.36918389
     -0.30848026      -0.30962465      -0.31121603      -0.31333206      -0.31612468      -0.31994368      -0.32573654      -0.33373120      -0.34356932      -0.35484168      -0.36673136
     -0.30808375      -0.30920564      -0.31075783      -0.31281205      -0.31549911      -0.31911233      -0.32444137      -0.33218373      -0.34175200      -0.35279150      -0.36445053
     -0.30769354      -0.30880583      -0.31033702      -0.31233914      -0.31493700      -0.31838114      -0.32331011      -0.33075146      -0.34008130      -0.35088031      -0.36233744
     -0.30730698      -0.30840943      -0.30992643      -0.31190445      -0.31442830      -0.31773149      -0.32234247      -0.32942184      -0.33851923      -0.34909888      -0.36037256
     -0.30692410      -0.30801843      -0.30952051      -0.31147948      -0.31396504      -0.31714927      -0.32150247      -0.32818523      -0.33704923      -0.34744601      -0.35851976
     -0.30654224      -0.30762879      -0.30912144      -0.31105973      -0.31351958      -0.31662357      -0.32076430      -0.32703569      -0.33568604      -0.34587395      -0.35679869
     -0.30616627      -0.30724322      -0.30872139      -0.31064700      -0.31307887      -0.31614245      -0.32010893      -0.32595923      -0.33440321      -0.34440407      -0.35516493
     -0.30579285      -0.30686193      -0.30832821      -0.31023453      -0.31264686      -0.31567248      -0.31952194      -0.32498407      -0.33318411      -0.34301324      -0.35362208
     -0.30542148      -0.30648282      -0.30793906      -0.30982907      -0.31221824      -0.31521011      -0.31899223      -0.32413812      -0.33203614      -0.34168883      -0.35216194
     -0.30505182      -0.30610628      -0.30755163      -0.30942797      -0.31179467      -0.31475783      -0.31848717      -0.32339517      -0.33095218      -0.34044098      -0.35076425
     -0.30468584      -0.30573233      -0.30716698      -0.30902886      -0.31137615      -0.31430839      -0.31799151      -0.32273587      -0.32992523      -0.33923928      -0.34945277
     -0.30432170      -0.30536104      -0.30678587      -0.30863304      -0.31096112      -0.31386591      -0.31750675      -0.32214563      -0.32895111      -0.33811127      -0.34819231
     -0.30395936      -0.30499217      -0.30640700      -0.30824095      -0.31054990      -0.31342893      -0.31702933      -0.32159596      -0.32802895      -0.33703488      -0.34698922
     -0.30359997      -0.30462535      -0.30603045      -0.30785141      -0.31014262      -0.31299678      -0.31655828      -0.32105976      -0.32715484      -0.33599447      -0.34583941
     -0.30324258      -0.30426127      -0.30565710      -0.30746452      -0.30973809      -0.31256852      -0.31609393      -0.32053597      -0.32637970      -0.33500042      -0.34472826
     -0.30288696      -0.30389973      -0.30528594      -0.30708098      -0.30933711      -0.31214377      -0.31563592      -0.32002292      -0.32569410      -0.33404733      -0.34367803
     -0.30253404      -0.30353955      -0.30491699      -0.30670003      -0.30894029      -0.31172342      -0.31518442      -0.31951839      -0.32508088      -0.33313272      -0.34266040
     -0.30218279      -0.30318262      -0.30455102      -0.30632139      -0.30854507      -0.31130739      -0.31473595      -0.31902350      -0.32449031      -0.33225413      -0.34167373
     -0.30183353      -0.30282711      -0.30418687      -0.30594589      -0.30815387      -0.31089426      -0.31429315      -0.31853600      -0.32391690      -0.33141131      -0.34071529
     -0.30148688      -0.30247401      -0.30382503      -0.30557266      -0.30776564      -0.31048465      -0.31385536      -0.31805523      -0.32336133      -0.33060136      -0.33980995

     -0.30886814      -0.31002661      -0.30915029      -0.30740621      -0.30538718      -0.30313349      -0.30068694      -0.29810599      -0.29548557      -0.29296767      -0.29071256
     -0.30844429      -0.30893602      -0.30751609      -0.30577792      -0.30376661      -0.30152301      -0.29908957      -0.29652563      -0.29392716      -0.29143739      -0.28921806
     -0.30804951      -0.30741282      -0.30599689      -0.30426395      -0.30225949      -0.30002482      -0.29760302      -0.29505418      -0.29247519      -0.29001044      -0.28782298
     -0.30705006      -0.30599218      -0.30457980      -0.30285152      -0.30085316      -0.29862646      -0.29621503      -0.29367965      -0.29111807      -0.28867570      -0.28651677
     -0.30571854      -0.30466308      -0.30325388      -0.30152977      -0.29953688      -0.29731731      -0.29491518      -0.29239188      -0.28984592      -0.28742363      -0.28529037
     -0.30446937      -0.30341609      -0.30200976      -0.30028940      -0.29830141      -0.29608827      -0.29369451      -0.29118208      -0.28865021      -0.28624606      -0.28413599
     -0.30329440      -0.30224310      -0.30083935      -0.29912238      -0.29713883      -0.29493148      -0.29254529      -0.29004271      -0.28752358      -0.28513586      -0.28304683
     -0.30218658      -0.30113705      -0.29973565      -0.29802175      -0.29604223      -0.29384015      -0.29146083      -0.28896718      -0.28645964      -0.28408686      -0.28201697
     -0.30113973      -0.30009183      -0.29869255      -0.29698146      -0.29500560      -0.29280831      -0.29043525      -0.28794975      -0.28545277      -0.28309362      -0.28104122
     -0.30014846      -0.29910204      -0.29770471      -0.29599617      -0.29402367      -0.29183076      -0.28946341      -0.28698536      -0.28449804      -0.28215138      -0.28011501
     -0.29920802      -0.29816296      -0.29676742      -0.29506122      -0.29309178      -0.29090289      -0.28854079      -0.28606957      -0.28359112      -0.28125592      -0.27923428
     -0.29831421      -0.29727040      -0.29587650      -0.29417245      -0.29220583      -0.29002063      -0.28766335      -0.28519842      -0.28272813      -0.28040348      -0.27839542
     -0.29746330      -0.29642064      -0.29502825      -0.29332619      -0.29136217      -0.28918037      -0.28682754      -0.28436840      -0.28190564      -0.27959074      -0.27759522
     -0.29665197      -0.29561037      -0.29421937      -0.29251914      -0.29055752      -0.28837887      -0.28603015      -0.28357637      -0.28112058      -0.27881470      -0.27683080
     -0.29587723      -0.29483662      -0.29344691      -0.29174838      -0.28978898      -0.28761325      -0.28526833      -0.28281952      -0.28037019      -0.27807268      -0.27609957
     -0.29513642      -0.29409672      -0.29270822      -0.29101126      -0.28905393      -0.28688089      -0.28453952      -0.28209532      -0.27965199      -0.27736227      -0.27539919
     -0.29442713      -0.29338828      -0.29200090      -0.29030540      -0.28834999      -0.28617948      -0.28384139      -0.28140149      -0.27896376      -0.27668128      -0.27472756
     -0.29374719      -0.29270914      -0.29132279      -0.28962866      -0.28767504      -0.28550687      -0.28317186      -0.28073597      -0.27830345      -0.27602774      -0.27408275
     -0.29309463      -0.29205731      -0.29067194      -0.28897908      -0.28702714      -0.28486116      -0.28252902      -0.28009687      -0.27766923      -0.27539985      -0.27346304
     -0.29246766      -0.29143103      -0.29004656      -0.28835490      -0.28640452      -0.28424060      -0.28191114      -0.27948250      -0.27705943      -0.27479597      -0.27286683
     -0.29186465      -0.29082867      -0.28944505      -0.28775451      -0.28580560      -0.28364360      -0.28131665      -0.27889130      -0.27647251      -0.27421463      -0.27229267

     -0.29205378      -0.29096750      -0.28951805      -0.28774151      -0.28568054      -0.28337301      -0.28085788      -0.27819052      -0.27546275      -0.27281400      -0.27040341
     -0.29090025      -0.28981877      -0.28837560      -0.28660723      -0.28455688      -0.28226308      -0.27976561      -0.27712080      -0.27442157      -0.27180851      -0.26944192
     -0.28982780      -0.28875058      -0.28731296      -0.28555184      -0.28351091      -0.28122930      -0.27874753      -0.27612280      -0.27344901      -0.27086786      -0.26854069
     -0.28882737      -0.28775393      -0.28632127      -0.28456661      -0.28253408      -0.28026335      -0.27779560      -0.27518883      -0.27253786      -0.26998535      -0.26769369
     -0.28789123      -0.28682119      -0.28539296      -0.28364408      -0.28161908      -0.27935812      -0.27690297      -0.27431235      -0.27168190      -0.26915524      -0.26689567
     -0.28701279      -0.28594579      -0.28452155      -0.28277789      -0.28075967      -0.27850751      -0.27606371      -0.27348767      -0.27087579      -0.26837253      -0.26614211
     -0.28618634      -0.28512210      -0.28370147      -0.28196252      -0.27995043      -0.27770623      -0.27527272      -0.27270989      -0.27011486      -0.26763288      -0.26542900
     -0.28540696      -0.28434522      -0.28292786      -0.28119318      -0.27918667      -0.27694970      -0.27452554      -0.27197473      -0.26939505      -0.26693248      -0.26475287
     -0.28467034      -0.28361087      -0.28219649      -0.28046571      -0.27846427      -0.27623389      -0.27381826      -0.27127843      -0.26871278      -0.26626798      -0.26411063
     -0.28397270      -0.28291532      -0.28150366      -0.27977643      -0.27777963      -0.27555528      -0.27314746      -0.27061768      -0.26806489      -0.26563641      -0.26349952
     -0.28331074      -0.28225526      -0.28084609      -0.27912213      -0.27712958      -0.27491076      -0.27251011      -0.26998957      -0.26744861      -0.26503515      -0.26291713
     -0.28268150      -0.28162777      -0.28022090      -0.27849993      -0.27651129      -0.27429756      -0.27190351      -0.26939148      -0.26686142      -0.26446183      -0.26236125
     -0.28208237      -0.28103026      -0.27962550      -0.27790729      -0.27592227      -0.27371324      -0.27132527      -0.26882110      -0.26630113      -0.26391436      -0.26182995
     -0.28151104      -0.28046041      -0.27905761      -0.27734196      -0.27536027      -0.27315558      -0.27077324      -0.26827635      -0.26576572      -0.26339086      -0.26132147
     -0.28096541      -0.27991616      -0.27851517      -0.27680188      -0.27482328      -0.27262262      -0.27024552      -0.26775538      -0.26525342      -0.26288963      -0.26083421
     -0.28044361      -0.27939565      -0.27799633      -0.27628525      -0.27430952      -0.27211260      -0.26974035      -0.26725649      -0.26476261      -0.26240912      -0.26036674
     -0.27994396      -0.27889719      -0.27749943      -0.27579040      -0.27381734      -0.27162390      -0.26925618      -0.26677817      -0.26429183      -0.26194796      -0.25991775
     -0.27946493      -0.27841927      -0.27702298      -0.27531584      -0.27334528      -0.27115509      -0.26879159      -0.26631906      -0.26383974      -0.26150487      -0.25948606
     -0.27900515      -0.27796053      -0.27656559      -0.27486024      -0.27289201      -0.27070486      -0.26834531      -0.26587788      -0.26340516      -0.26107871      -0.25907059
     -0.27856335      -0.27751970      -0.27612604      -0.27442236      -0.27245630      -0.27027200      -0.26791615      -0.26545351      -0.26298696      -0.26066842      -0.25867035
     -0.27813840      -0.27709566      -0.27570319      -0.27400107      -0.27203707      -0.26985543      -0.26750305      -0.26504491      -0.26258416      -0.26027305      -0.25828441

     -0.28335641      -0.28225574      -0.28078770      -0.27898727      -0.27689585      -0.27454991      -0.27198700      -0.26926130      -0.26646407      -0.26373542      -0.26123728
     -0.28242073      -0.28132587      -0.27986538      -0.27807475      -0.27599597      -0.27366623      -0.27112393      -0.26842418      -0.26565918      -0.26296994      -0.26051899
     -0.28155054      -0.28046083      -0.27900705      -0.27722511      -0.27515756      -0.27284223      -0.27031829      -0.26764169      -0.26490555      -0.26225167      -0.25984326
     -0.28073856      -0.27965344      -0.27820563      -0.27643144      -0.27437392      -0.27207148      -0.26956397      -0.26690815      -0.26419794      -0.26157597      -0.25920605
     -0.27997857      -0.27889756      -0.27745510      -0.27568787      -0.27363934      -0.27134848      -0.26885576      -0.26621865      -0.26353186      -0.26093877      -0.25860383
     -0.27926525      -0.27818793      -0.27675029      -0.27498933      -0.27294891      -0.27066849      -0.26818913      -0.26556896      -0.26290341      -0.26033657      -0.25803351
     -0.27859400      -0.27752002      -0.27608675      -0.27433145      -0.27229838      -0.27002742      -0.26756018      -0.26495539      -0.26230916      -0.25976626      -0.25749237
     -0.27796086      -0.27688991      -0.27546059      -0.27371044      -0.27168404      -0.26942169      -0.26696547      -0.26437471      -0.26174612      -0.25922513      -0.25697800
     -0.27736233      -0.27629415      -0.27486843      -0.27312298      -0.27110266      -0.26884816      -0.26640202      -0.26382408      -0.26121166      -0.25871078      -0.25648827
     -0.27679539      -0.27572973      -0.27430731      -0.27256614      -0.27055139      -0.26830408      -0.26586717      -0.26330100      -0.26070343      -0.25822106      -0.25602127
     -0.27625735      -0.27519400      -0.27377460      -0.27203736      -0.27002772      -0.26778701      -0.26535859      -0.26280325      -0.26021935      -0.25775407      -0.25557529
     -0.27574583      -0.27468461      -0.27326798      -0.27153437      -0.26952942      -0.26729480      -0.26487419      -0.26232883      -0.25975758      -0.25730810      -0.25514881
     -0.27525872      -0.27419946      -0.27278539      -0.27105512      -0.26905451      -0.26682550      -0.26441212      -0.26187600      -0.25931645      -0.25688163      -0.25474044
     -0.27479415      -0.27373669      -0.27232500      -0.27059781      -0.26860121      -0.26637740      -0.26397071      -0.26144315      -0.25889446      -0.25647327      -0.25434894
     -0.27435042      -0.27329464      -0.27188514      -0.27016081      -0.26816794      -0.26594894      -0.26354847      -0.26102886      -0.25849028      -0.25608178      -0.25397318
     -0.27392602      -0.27287180      -0.27146434      -0.26974267      -0.26775325      -0.26553873      -0.26314404      -0.26063185      -0.25810267      -0.25570602      -0.25361212
     -0.27351959      -0.27246682      -0.27106125      -0.26934206      -0.26735586      -0.26514552      -0.26275622      -0.26025093      -0.25773055      -0.25534497      -0.25326484
     -0.27312990      -0.27207848      -0.27067468      -0.26895779      -0.26697460      -0.26476816      -0.26238389      -0.25988506      -0.25737291      -0.25499770      -0.25293048
     -0.27275582      -0.27170567      -0.27030352      -0.26858878      -0.26660840      -0.26440561      -0.26202604      -0.25953327      -0.25702882      -0.25466334      -0.25260826
     -0.27239634      -0.27134737      -0.26994677      -0.26823406      -0.26625631      -0.26405692      -0.26168178      -0.25919467      -0.25669746      -0.25434113      -0.25229746
     -0.27205054      -0.27100268      -0.26960352      -0.26789271      -0.26591742      -0.26372125      -0.26135024      -0.25886847      -0.25637806      -0.25403033      -0.25199742

     -0.27816055      -0.27704805      -0.27556482      -0.27374507      -0.27162936      -0.26925332      -0.26665385      -0.26388495      -0.26103853      -0.25825677      -0.25570573
     -0.27735551      -0.27624963      -0.27477498      -0.27296631      -0.27086479      -0.26850679      -0.26593002      -0.26318930      -0.26037729      -0.25763672      -0.25513374
     -0.27660660      -0.27550659      -0.27403956      -0.27224072      -0.27015182      -0.26780989      -0.26525338      -0.26253788      -0.25975678      -0.25705333      -0.25459389
     -0.27590758      -0.27481281      -0.27335257      -0.27156251      -0.26948490      -0.26715735      -0.26461902      -0.26192620      -0.25917297      -0.25650313      -0.25408327
     -0.27525315      -0.27416307      -0.27270893      -0.27092675      -0.26885927      -0.26654467      -0.26402272      -0.26135038      -0.25862239      -0.25598308      -0.25359933
     -0.27463876      -0.27355290      -0.27210425      -0.27032918      -0.26827085      -0.26596795      -0.26346081      -0.26080705      -0.25810200      -0.25549053      -0.25313984
     -0.27406049      -0.27297845      -0.27153477      -0.26976613      -0.26771608      -0.26542379      -0.26293012      -0.26029325      -0.25760913      -0.25502314      -0.25270279
     -0.27351493      -0.27243636      -0.27099718      -0.26923439      -0.26719188      -0.26490925      -0.26242785      -0.25980642      -0.25714145      -0.25457883      -0.25228643
     -0.27299911      -0.27192370      -0.27048863      -0.26873117      -0.26669554      -0.26442173      -0.26195155      -0.25934427      -0.25669688      -0.25415577      -0.25188916
     -0.27251042      -0.27143789      -0.27000659      -0.26825400      -0.26622467      -0.26395894      -0.26149907      -0.25890477      -0.25627358      -0.25375232      -0.25150957
     -0.27204657      -0.27097669      -0.26954883      -0.26780072      -0.26577717      -0.26351887      -0.26106848      -0.25848615      -0.25586989      -0.25336699      -0.25114639
     -0.27160552      -0.27053807      -0.26911338      -0.26736939      -0.26535117      -0.26309972      -0.26065806      -0.25808680      -0.25548436      -0.25299849      -0.25079847
     -0.27118545      -0.27012025      -0.26869849      -0.26695830      -0.26494499      -0.26269987      -0.26026630      -0.25770528      -0.25511567      -0.25264561      -0.25046477
     -0.27078477      -0.26972164      -0.26830259      -0.26656591      -0.26455716      -0.26231790      -0.25989182      -0.25734031      -0.25476261      -0.25230729      -0.25014435
     -0.27040202      -0.26934081      -0.26792426      -0.26619085      -0.26418632      -0.26195250      -0.25953339      -0.25699071      -0.25442412      -0.25198255      -0.24983634
     -0.27003590      -0.26897648      -0.26756226      -0.26583187      -0.26383127      -0.26160251      -0.25918989      -0.25665545      -0.25409922      -0.25167050      -0.24953997
     -0.26968524      -0.26862748      -0.26721543      -0.26548786      -0.26349092      -0.26126688      -0.25886031      -0.25633357      -0.25378703      -0.25137035      -0.24925452
     -0.26934898      -0.26829278      -0.26688275      -0.26515782      -0.26316429      -0.26094466      -0.25854375      -0.25602420      -0.25348673      -0.25108134      -0.24897934
     -0.26902617      -0.26797141      -0.26656328      -0.26484081      -0.26285047      -0.26063497      -0.25823935      -0.25572656      -0.25319760      -0.25080281      -0.24871383
     -0.26871593      -0.26766253      -0.26625616      -0.26453600      -0.26254865      -0.26033702      -0.25794637      -0.25543991      -0.25291895      -0.25053415      -0.24845743
     -0.26841104      -0.26736465      -0.26596063      -0.26424263      -0.26225809      -0.26005009      -0.25766410      -0.25516360      -0.25265017      -0.25027478      -0.24820963

     -0.27460730      -0.27348460      -0.27198841      -0.27015234      -0.26801638      -0.26561571      -0.26298705      -0.26018480      -0.25730220      -0.25448413      -0.25190107
     -0.27389193      -0.27277655      -0.27128979      -0.26946584      -0.26734531      -0.26496409      -0.26235965      -0.25958708      -0.25674015      -0.25396392      -0.25142855
     -0.27322623      -0.27211733      -0.27063896      -0.26882578      -0.26671899      -0.26435513      -0.26177236      -0.25902643      -0.25621162      -0.25347325      -0.25098127
     -0.27260471      -0.27150160      -0.27003071      -0.26822716      -0.26613267      -0.26378437      -0.26122108      -0.25849915      -0.25571340      -0.25300942      -0.25055705
     -0.27202268      -0.27092476      -0.26946059      -0.26766569      -0.26558226      -0.26324799      -0.26070227      -0.25800207      -0.25524270      -0.25257007      -0.25015399
     -0.27147614      -0.27038289      -0.26892478      -0.26713768      -0.26506424      -0.26274265      -0.26021286      -0.25753240      -0.25479708      -0.25215313      -0.24977037
     -0.27096161      -0.26987260      -0.26841996      -0.26663993      -0.26457555      -0.26226548      -0.25975019      -0.25708773      -0.25437439      -0.25175674      -0.24940469
     -0.27047610      -0.26939092      -0.26794327      -0.26616966      -0.26411353      -0.26181396      -0.25931189      -0.25666590      -0.25397272      -0.25137927      -0.24905558
     -0.27001697      -0.26893529      -0.26749217      -0.26572443      -0.26367583      -0.26138586      -0.25889591      -0.25626502      -0.25359039      -0.25101927      -0.24872184
     -0.26958191      -0.26850343      -0.26706447      -0.26530210      -0.26326040      -0.26097923      -0.25850041      -0.25588342      -0.25322590      -0.25067543      -0.24840236
     -0.26916890      -0.26809335      -0.26665820      -0.26490076      -0.26286540      -0.26059233      -0.25812377      -0.25551960      -0.25287789      -0.25034657      -0.24809617
     -0.26877612      -0.26770328      -0.26627163      -0.26451873      -0.26248922      -0.26022362      -0.25776452      -0.25517223      -0.25254517      -0.25003164      -0.24780236
     -0.26840199      -0.26733164      -0.26590323      -0.26415452      -0.26213040      -0.25987171      -0.25742138      -0.25484008      -0.25222664      -0.24972968      -0.24752012
     -0.26804508      -0.26697702      -0.26555160      -0.26380677      -0.26178765      -0.25953537      -0.25709317      -0.25452210      -0.25192133      -0.24943982      -0.24724871
     -0.26770409      -0.26663817      -0.26521553      -0.26347429      -0.26145981      -0.25921348      -0.25677885      -0.25421729      -0.25162835      -0.24916128      -0.24698746
     -0.26737788      -0.26631394      -0.26489388      -0.26315599      -0.26114583      -0.25890503      -0.25647745      -0.25392478      -0.25134688      -0.24889334      -0.24673574
     -0.26706542      -0.26600332      -0.26458566      -0.26285089      -0.26084475      -0.25860912      -0.25618812      -0.25364375      -0.25107620      -0.24863534      -0.24649300
     -0.26676017      -0.26570487      -0.26428996      -0.26255810      -0.26055572      -0.25832492      -0.25591007      -0.25337348      -0.25081563      -0.24838668      -0.24625871
     -0.26646166      -0.26541097      -0.26400524      -0.26227681      -0.26027795      -0.25805167      -0.25564259      -0.25311329      -0.25056455      -0.24814682      -0.24603238
     -0.26617083      -0.26512434      -0.26372471      -0.26200630      -0.26001073      -0.25778869      -0.25538503      -0.25286258      -0.25032241      -0.24791524      -0.24581359
     -0.26588433      -0.26484372      -0.26345080      -0.26174014      -0.25975341      -0.25753535      -0.25513678      -0.25262077      -0.25008868      -0.24769148      -0.24560192

     -0.27197903      -0.27084735      -0.26933980      -0.26748959      -0.26533631      -0.26291496      -0.26026242      -0.25743384      -0.25452417      -0.25168121      -0.24907977
     -0.27133022      -0.27020645      -0.26870907      -0.26687185      -0.26473502      -0.26233423      -0.25970703      -0.25690914      -0.25403577      -0.25123461      -0.24867977
     -0.27072627      -0.26960952      -0.26812119      -0.26629553      -0.26417336      -0.26179095      -0.25918648      -0.25641617      -0.25357560      -0.25081239      -0.24830013
     -0.27016225      -0.26905176      -0.26757151      -0.26575620      -0.26364716      -0.26128126      -0.25869724      -0.25595187      -0.25314103      -0.25041241      -0.24793919
     -0.26963393      -0.26852907      -0.26705607      -0.26525006      -0.26315285      -0.26080184      -0.25823632      -0.25551355      -0.25272978      -0.25003279      -0.24759544
     -0.26913770      -0.26803791      -0.26657146      -0.26477384      -0.26268733      -0.26034980      -0.25780107      -0.25509888      -0.25233984      -0.24967186      -0.24726758
     -0.26867045      -0.26757525      -0.26611471      -0.26432471      -0.26224790      -0.25992263      -0.25738920      -0.25470581      -0.25196943      -0.24932814      -0.24695440
     -0.26822946      -0.26713841      -0.26568327      -0.26390019      -0.26183223      -0.25951814      -0.25699869      -0.25433252      -0.25161697      -0.24900029      -0.24665486
     -0.26781235      -0.26672510      -0.26527487      -0.26349811      -0.26143823      -0.25913439      -0.25662776      -0.25397741      -0.25128105      -0.24868713      -0.24636798
     -0.26741704      -0.26633327      -0.26488754      -0.26311657      -0.26106410      -0.25876965      -0.25627481      -0.25363905      -0.25096042      -0.24838760      -0.24609290
     -0.26704171      -0.26596112      -0.26451951      -0.26275387      -0.26070821      -0.25842242      -0.25593845      -0.25331617      -0.25065396      -0.24810073      -0.24582884
     -0.26668472      -0.26560706      -0.26416925      -0.26240851      -0.26036914      -0.25809133      -0.25561741      -0.25300761      -0.25036065      -0.24782566      -0.24557507
     -0.26634462      -0.26526967      -0.26383537      -0.26207916      -0.26004559      -0.25777517      -0.25531057      -0.25271235      -0.25007957      -0.24756161      -0.24533094
     -0.26602013      -0.26494768      -0.26351663      -0.26176460      -0.25973642      -0.25747286      -0.25501690      -0.25242947      -0.24980991      -0.24730785      -0.24509586
     -0.26571009      -0.26463996      -0.26321191      -0.26146377      -0.25944059      -0.25718340      -0.25473550      -0.25215811      -0.24955090      -0.24706373      -0.24486929
     -0.26540547      -0.26434356      -0.26292022      -0.26117570      -0.25915717      -0.25690592      -0.25446553      -0.25189752      -0.24930187      -0.24682866      -0.24465071
     -0.26510881      -0.26405183      -0.26263742      -0.26089951      -0.25888531      -0.25663961      -0.25420623      -0.25164701      -0.24906218      -0.24660209      -0.24443968
     -0.26481925      -0.26376767      -0.26235956      -0.26063223      -0.25862426      -0.25638374      -0.25395693      -0.25140593      -0.24883127      -0.24638353      -0.24423577
     -0.26453434      -0.26348798      -0.26208855      -0.26036888      -0.25837285      -0.25613764      -0.25371699      -0.25117372      -0.24860862      -0.24617250      -0.24403858
     -0.26425319      -0.26321309      -0.26182165      -0.26011163      -0.25812508      -0.25590071      -0.25348585      -0.25094984      -0.24839375      -0.24596859      -0.24384776
     -0.26397781      -0.26294291      -0.26155837      -0.25985815      -0.25788250      -0.25566990      -0.25326297      -0.25073381      -0.24818621      -0.24577141      -0.24366296

     -0.26993228      -0.26879253      -0.26727486      -0.26541217      -0.26324384      -0.26080485      -0.25813247      -0.25528286      -0.25235284      -0.24949314      -0.24688257
     -0.26933546      -0.26820415      -0.26669730      -0.26484835      -0.26269730      -0.26027976      -0.25763356      -0.25481525      -0.25192173      -0.24910334      -0.24653792
     -0.26877975      -0.26765593      -0.26615870      -0.26432199      -0.26218637      -0.25978803      -0.25716533      -0.25437525      -0.25151480      -0.24873404      -0.24621002
     -0.26826063      -0.26714350      -0.26565487      -0.26382912      -0.26170735      -0.25932627      -0.25672478      -0.25396025      -0.25112986      -0.24838350      -0.24589757
     -0.26777425      -0.26666313      -0.26518222      -0.26336634      -0.26125704      -0.25889155      -0.25630927      -0.25356796      -0.25076501      -0.24805020      -0.24559938
     -0.26731732      -0.26621161      -0.26473768      -0.26293070      -0.26083269      -0.25848135      -0.25591652      -0.25319638      -0.25041855      -0.24773275      -0.24531440
     -0.26688696      -0.26578617      -0.26431854      -0.26251966      -0.26043190      -0.25809342      -0.25554453      -0.25284376      -0.25008899      -0.24742994      -0.24504168
     -0.26648072      -0.26538438      -0.26392250      -0.26213097      -0.26005256      -0.25772584      -0.25519152      -0.25250853      -0.24977500      -0.24714068      -0.24478037
     -0.26609641      -0.26500413      -0.26354749      -0.26176269      -0.25969283      -0.25737687      -0.25485594      -0.25218931      -0.24947538      -0.24686399      -0.24452970
     -0.26573212      -0.26464356      -0.26319173      -0.26141308      -0.25935107      -0.25704501      -0.25453639      -0.25188487      -0.24918909      -0.24659899      -0.24428896
     -0.26538619      -0.26430104      -0.26285361      -0.26108063      -0.25902584      -0.25672890      -0.25423165      -0.25159409      -0.24891515      -0.24634486      -0.24405752
     -0.26505711      -0.26397510      -0.26253173      -0.26076397      -0.25871584      -0.25642732      -0.25394060      -0.25131600      -0.24865270      -0.24610090      -0.24383478
     -0.26474356      -0.26366445      -0.26222483      -0.26046189      -0.25841993      -0.25613920      -0.25366224      -0.25104968      -0.24840097      -0.24586643      -0.24362023
     -0.26443830      -0.26336671      -0.26193178      -0.26017331      -0.25813706      -0.25586357      -0.25339569      -0.25079434      -0.24815924      -0.24564087      -0.24341336
     -0.26414009      -0.26307401      -0.26164878      -0.25989725      -0.25786630      -0.25559955      -0.25314012      -0.25054923      -0.24792686      -0.24542365      -0.24321373
     -0.26385004      -0.26278905      -0.26137053      -0.25963007      -0.25760682      -0.25534635      -0.25289481      -0.25031370      -0.24770325      -0.24521428      -0.24302093
     -0.26356401      -0.26250913      -0.26109939      -0.25936715      -0.25735658      -0.25510325      -0.25265908      -0.25008713      -0.24748788      -0.24501229      -0.24283458
     -0.26328252      -0.26223406      -0.26083256      -0.25911052      -0.25710972      -0.25486958      -0.25243233      -0.24986898      -0.24728024      -0.24481727      -0.24265432
     -0.26300639      -0.26196356      -0.26056935      -0.25885748      -0.25686805      -0.25463954      -0.25221400      -0.24965872      -0.24707988      -0.24462882      -0.24247984
     -0.26273425      -0.26169705      -0.26031087      -0.25860799      -0.25662986      -0.25441377      -0.25200171      -0.24945591      -0.24688640      -0.24444657      -0.24231082
     -0.26246536      -0.26143466      -0.26005589      -0.25836226      -0.25639471      -0.25419061      -0.25179174      -0.24925995      -0.24669940      -0.24427020      -0.24214699

     -0.26827923      -0.26713214      -0.26560536      -0.26373154      -0.26154997      -0.25909576      -0.25640674      -0.25354021      -0.25059495      -0.24772450      -0.24511131
     -0.26772454      -0.26658636      -0.26507095      -0.26321152      -0.26104793      -0.25861588      -0.25595364      -0.25311877      -0.25020991      -0.24737999      -0.24481028
     -0.26720790      -0.26607764      -0.26457235      -0.26272575      -0.26057824      -0.25816604      -0.25552790      -0.25272163      -0.24984583      -0.24705296      -0.24452326
     -0.26672514      -0.26560196      -0.26410573      -0.26227063      -0.26013756      -0.25774324      -0.25512686      -0.25234655      -0.24950089      -0.24674197      -0.24424919
     -0.26627272      -0.26515590      -0.26366781      -0.26184306      -0.25972301      -0.25734487      -0.25474824      -0.25199155      -0.24917345      -0.24644575      -0.24398712
     -0.26584760      -0.26473650      -0.26325577      -0.26144038      -0.25933213      -0.25696866      -0.25439001      -0.25165490      -0.24886209      -0.24616317      -0.24373621
     -0.26544712      -0.26434121      -0.26286715      -0.26106025      -0.25896273      -0.25661264      -0.25405041      -0.25133507      -0.24856553      -0.24589322      -0.24349569
     -0.26506900      -0.26396781      -0.26249981      -0.26070065      -0.25861292      -0.25627505      -0.25372787      -0.25103072      -0.24828264      -0.24563498      -0.24326485
     -0.26471123      -0.26361434      -0.26215188      -0.26035980      -0.25828102      -0.25595437      -0.25342102      -0.25074063      -0.24801240      -0.24538763      -0.24304307
     -0.26437205      -0.26327910      -0.26182171      -0.26003612      -0.25796557      -0.25564923      -0.25312863      -0.25046371      -0.24775389      -0.24515042      -0.24282977
     -0.26404990      -0.26296057      -0.26150784      -0.25972821      -0.25766523      -0.25535840      -0.25284958      -0.25019901      -0.24750629      -0.24492268      -0.24262442
     -0.26374203      -0.26265740      -0.26120897      -0.25943484      -0.25737885      -0.25508081      -0.25258290      -0.24994565      -0.24726884      -0.24470380      -0.24242654
     -0.26343972      -0.26236215      -0.26092338      -0.25915490      -0.25710538      -0.25481549      -0.25232771      -0.24970284      -0.24704089      -0.24449321      -0.24223568
     -0.26314588      -0.26207380      -0.26064272      -0.25888628      -0.25684386      -0.25456154      -0.25208319      -0.24946987      -0.24682180      -0.24429041      -0.24205144
     -0.26285743      -0.26179274      -0.26036936      -0.25862210      -0.25659269      -0.25431819      -0.25184862      -0.24924610      -0.24661102      -0.24409493      -0.24187346
     -0.26257404      -0.26151614      -0.26010077      -0.25836392      -0.25634549      -0.25408471      -0.25162335      -0.24903093      -0.24640804      -0.24390633      -0.24170137
     -0.26229590      -0.26124329      -0.25983680      -0.25810985      -0.25610320      -0.25385476      -0.25140678      -0.24882382      -0.24621239      -0.24372423      -0.24153486
     -0.26202190      -0.26097585      -0.25957708      -0.25785964      -0.25586462      -0.25362912      -0.25119492      -0.24862429      -0.24602363      -0.24354825      -0.24137365
     -0.26175215      -0.26071214      -0.25932081      -0.25761345      -0.25562926      -0.25340635      -0.25098616      -0.24842996      -0.24584138      -0.24337807      -0.24121744
     -0.26148550      -0.26045122      -0.25906846      -0.25737039      -0.25539718      -0.25318650      -0.25077939      -0.24823765      -0.24566349      -0.24321317      -0.24106486
     -0.26122211      -0.26019322      -0.25881884      -0.25713025      -0.25516787      -0.25296927      -0.25057531      -0.24804707      -0.24548721      -0.24304995      -0.24091334

     -0.26690738      -0.26575357      -0.26421849      -0.26233465      -0.26014133      -0.25767390      -0.25497083      -0.25209068      -0.24913415      -0.24625747      -0.24364627
     -0.26638775      -0.26524327      -0.26372007      -0.26185118      -0.25967644      -0.25723171      -0.25455585      -0.25170750      -0.24878706      -0.24594995      -0.24338047
     -0.26590362      -0.26476745      -0.26325482      -0.26139927      -0.25924115      -0.25681681      -0.25416547      -0.25134591      -0.24845833      -0.24565748      -0.24312652
     -0.26545113      -0.26432238      -0.26281921      -0.26097563      -0.25883246      -0.25642650      -0.25379735      -0.25100396      -0.24814641      -0.24537889      -0.24288358
     -0.26502697      -0.26390488      -0.26241024      -0.26057744      -0.25844776      -0.25605845      -0.25344945      -0.25067994      -0.24784990      -0.24511311      -0.24265087
     -0.26462830      -0.26351223      -0.26202528      -0.26020224      -0.25808479      -0.25571061      -0.25311998      -0.25037232      -0.24756757      -0.24485918      -0.24242768
     -0.26425266      -0.26314205      -0.26166208      -0.25984790      -0.25774159      -0.25538120      -0.25280738      -0.25007977      -0.24729834      -0.24461625      -0.24221340
     -0.26389793      -0.26279227      -0.26131866      -0.25951256      -0.25741641      -0.25506864      -0.25251025      -0.24980110      -0.24704122      -0.24438356      -0.24200744
     -0.26356224      -0.26246110      -0.26099328      -0.25919457      -0.25710774      -0.25477156      -0.25222736      -0.24953524      -0.24679533      -0.24416039      -0.24180927
     -0.26324393      -0.26214693      -0.26068443      -0.25889250      -0.25681422      -0.25448871      -0.25195760      -0.24928125      -0.24655987      -0.24394611      -0.24161842
     -0.26293782      -0.26184778      -0.26039075      -0.25860506      -0.25653466      -0.25421899      -0.25169999      -0.24903826      -0.24633413      -0.24374016      -0.24143445
     -0.26263771      -0.26155416      -0.26010777      -0.25833109      -0.25626798      -0.25396142      -0.25145365      -0.24880550      -0.24611746      -0.24354201      -0.24125695
     -0.26234631      -0.26126874      -0.25982985      -0.25806450      -0.25601322      -0.25371511      -0.25121777      -0.24858228      -0.24590926      -0.24335117      -0.24108556
     -0.26205985      -0.26098876      -0.25955939      -0.25780339      -0.25576436      -0.25347926      -0.25099163      -0.24836796      -0.24570899      -0.24316721      -0.24091993
     -0.26177780      -0.26071368      -0.25929298      -0.25754774      -0.25552048      -0.25324885      -0.25077459      -0.24816196      -0.24551617      -0.24298972      -0.24075974
     -0.26150132      -0.26044341      -0.25903059      -0.25729642      -0.25528052      -0.25302246      -0.25056267      -0.24796376      -0.24533035      -0.24281834      -0.24060471
     -0.26122907      -0.26017707      -0.25877285      -0.25704796      -0.25504444      -0.25279894      -0.25035386      -0.24776976      -0.24515094      -0.24265271      -0.24045240
     -0.26096012      -0.25991490      -0.25851852      -0.25680336      -0.25481154      -0.25257874      -0.25014707      -0.24757797      -0.24497363      -0.24248943      -0.24030116
     -0.26069427      -0.25965567      -0.25826718      -0.25656239      -0.25458104      -0.25236120      -0.24994302      -0.24738806      -0.24479793      -0.24232726      -0.24015090
     -0.26043302      -0.25939969      -0.25801857      -0.25632394      -0.25435374      -0.25214597      -0.24974104      -0.24719983      -0.24462392      -0.24216647      -0.24000159
     -0.26017439      -0.25914694      -0.25777382      -0.25608781      -0.25412871      -0.25193283      -0.24954096      -0.24701326      -0.24445126      -0.24200675      -0.23985332

     -0.26574467      -0.26458466      -0.26304198      -0.26114906      -0.25894526      -0.25646626      -0.25375130      -0.25086020      -0.24789556      -0.24501608      -0.24241019
     -0.26525485      -0.26410455      -0.26257419      -0.26069671      -0.25851198      -0.25605613      -0.25336865      -0.25050933      -0.24758031      -0.24473933      -0.24217338
     -0.26479835      -0.26365670      -0.26213732      -0.26027364      -0.25810599      -0.25567095      -0.25300828      -0.25017780      -0.24728129      -0.24447568      -0.24194671
     -0.26437157      -0.26323766      -0.26172812      -0.25987681      -0.25772454      -0.25530828      -0.25266810      -0.24986388      -0.24699714      -0.24422413      -0.24172949
     -0.26397141      -0.26284445      -0.26134376      -0.25950362      -0.25736525      -0.25496602      -0.25234630      -0.24956608      -0.24672668      -0.24398379      -0.24152108
     -0.26359522      -0.26247453      -0.26098185      -0.25915181      -0.25702606      -0.25464233      -0.25204129      -0.24928306      -0.24646884      -0.24375384      -0.24132089
     -0.26324069      -0.26212569      -0.26064027      -0.25881943      -0.25670515      -0.25433557      -0.25175164      -0.24901363      -0.24622266      -0.24353356      -0.24112839
     -0.26290582      -0.26179600      -0.26031720      -0.25850473      -0.25640095      -0.25404433      -0.25147611      -0.24875674      -0.24598730      -0.24332229      -0.24094312
     -0.26258887      -0.26148377      -0.26001101      -0.25820621      -0.25611206      -0.25376734      -0.25121359      -0.24851145      -0.24576199      -0.24311943      -0.24076462
     -0.26228313      -0.26118599      -0.25972029      -0.25792253      -0.25583722      -0.25350347      -0.25096309      -0.24827691      -0.24554602      -0.24292444      -0.24059249
     -0.26198411      -0.26089387      -0.25943801      -0.25765224      -0.25557534      -0.25325172      -0.25072372      -0.24805236      -0.24533878      -0.24273682      -0.24042637
     -0.26169394      -0.26060970      -0.25916205      -0.25738680      -0.25532437      -0.25301119      -0.25049468      -0.24783710      -0.24513968      -0.24255612      -0.24026591
     -0.26140797      -0.26033068      -0.25889263      -0.25712817      -0.25507736      -0.25277970      -0.25027524      -0.24763052      -0.24494822      -0.24238193      -0.24011079
     -0.26112666      -0.26005623      -0.25862789      -0.25687344      -0.25483562      -0.25255100      -0.25006285      -0.24743205      -0.24476390      -0.24221385      -0.23995850
     -0.26085130      -0.25978722      -0.25836635      -0.25662304      -0.25459753      -0.25232664      -0.24985285      -0.24723803      -0.24458549      -0.24205008      -0.23980727
     -0.26057968      -0.25952204      -0.25810952      -0.25637670      -0.25436258      -0.25210549      -0.24964568      -0.24704622      -0.24440855      -0.24188757      -0.23965703
     -0.26031129      -0.25926044      -0.25785666      -0.25613346      -0.25413097      -0.25188651      -0.24944125      -0.24685631      -0.24423323      -0.24172622      -0.23950776
     -0.26004602      -0.25900161      -0.25760658      -0.25589334      -0.25390234      -0.25167017      -0.24923892      -0.24666810      -0.24405961      -0.24156598      -0.23935953
     -0.25978553      -0.25874670      -0.25735889      -0.25565559      -0.25367590      -0.25145657      -0.24903850      -0.24648155      -0.24388734      -0.24140689      -0.23921257
     -0.25952810      -0.25849466      -0.25711495      -0.25542102      -0.25345176      -0.25124499      -0.24883987      -0.24629691      -0.24371637      -0.24124922      -0.23906649
     -0.25927325      -0.25824549      -0.25687367      -0.25518867      -0.25323046      -0.25103535      -0.24864294      -0.24611370      -0.24354665      -0.24109256      -0.23892140

     -0.26474255      -0.26357677      -0.26202710      -0.26012591      -0.25791270      -0.25542355      -0.25269849      -0.24979864      -0.24682842      -0.24394879      -0.24135060
     -0.26427848      -0.26312277      -0.26158581      -0.25970049      -0.25750677      -0.25504111      -0.25234369      -0.24947548      -0.24654030      -0.24369803      -0.24113802
     -0.26384586      -0.26269911      -0.26117350      -0.25930237      -0.25712612      -0.25468160      -0.25200918      -0.24916974      -0.24626661      -0.24345876      -0.24093421
     -0.26344129      -0.26230257      -0.26078712      -0.25892874      -0.25676824      -0.25434283      -0.25169311      -0.24887991      -0.24600619      -0.24323012      -0.24073857
     -0.26306186      -0.26193036      -0.26042407      -0.25857719      -0.25643093      -0.25402287      -0.25139383      -0.24860465      -0.24575800      -0.24301137      -0.24055057
     -0.26270508      -0.26158009      -0.26008209      -0.25824563      -0.25611231      -0.25372005      -0.25110990      -0.24834278      -0.24552110      -0.24280180      -0.24036973
     -0.26236878      -0.26124970      -0.25975922      -0.25793223      -0.25581071      -0.25343288      -0.25084007      -0.24809325      -0.24529468      -0.24260078      -0.24019561
     -0.26205107      -0.26093737      -0.25945374      -0.25763540      -0.25552466      -0.25316007      -0.25058320      -0.24785512      -0.24507797      -0.24240776      -0.24002780
     -0.26174524      -0.26063978      -0.25916414      -0.25735372      -0.25525288      -0.25290046      -0.25033829      -0.24762755      -0.24487031      -0.24222222      -0.23986592
     -0.26144612      -0.26034789      -0.25888216      -0.25708479      -0.25499421      -0.25265302      -0.25010443      -0.24740978      -0.24467108      -0.24204368      -0.23970964
     -0.26115596      -0.26006401      -0.25860710      -0.25682069      -0.25474462      -0.25241681      -0.24988082      -0.24720113      -0.24447972      -0.24187171      -0.23955712
     -0.26087014      -0.25978556      -0.25833804      -0.25656280      -0.25449900      -0.25218642      -0.24966647      -0.24700097      -0.24429574      -0.24170593      -0.23940568
     -0.26058892      -0.25951134      -0.25807368      -0.25630948      -0.25425850      -0.25196024      -0.24945539      -0.24680662      -0.24411757      -0.24154264      -0.23925523
     -0.26031367      -0.25924258      -0.25781323      -0.25605970      -0.25402191      -0.25173685      -0.24924745      -0.24661443      -0.24394081      -0.24138048      -0.23910575
     -0.26004247      -0.25897786      -0.25755682      -0.25581395      -0.25378784      -0.25151682      -0.24904188      -0.24642397      -0.24376562      -0.24121971      -0.23895734
     -0.25977426      -0.25871635      -0.25730439      -0.25557148      -0.25355700      -0.25129946      -0.24883846      -0.24623570      -0.24359214      -0.24106009      -0.23881021
     -0.25950919      -0.25845783      -0.25705475      -0.25533178      -0.25332939      -0.25108445      -0.24863715      -0.24604900      -0.24341995      -0.24090159      -0.23866399
     -0.25924892      -0.25820370      -0.25680808      -0.25509465      -0.25310409      -0.25087156      -0.24843813      -0.24586405      -0.24324920      -0.24074425      -0.23851871
     -0.25899171      -0.25795212      -0.25656435      -0.25486088      -0.25288108      -0.25066070      -0.24824084      -0.24568050      -0.24307965      -0.24058790      -0.23837442
     -0.25873712      -0.25770332      -0.25632331      -0.25462951      -0.25266028      -0.25045226      -0.24804520      -0.24549838      -0.24291128      -0.24043284      -0.23823120
     -0.25848497      -0.25745732      -0.25608491      -0.25440024      -0.25244155      -0.25024559      -0.24785114      -0.24531791      -0.24274425      -0.24027885      -0.23808936

     -0.26386691      -0.26269576      -0.26113961      -0.25923086      -0.25700917      -0.25451109      -0.25177747      -0.24887070      -0.24589695      -0.24301923      -0.24043046
     -0.26342540      -0.26226463      -0.26072156      -0.25882906      -0.25662720      -0.25415286      -0.25144695      -0.24857159      -0.24563222      -0.24279068      -0.24023839
     -0.26301369      -0.26186218      -0.26033078      -0.25845281      -0.25626877      -0.25381583      -0.25113501      -0.24828826      -0.24538041      -0.24257229      -0.24005395
     -0.26262857      -0.26148535      -0.25996443      -0.25809952      -0.25593154      -0.25349797      -0.25083998      -0.24801936      -0.24514049      -0.24236331      -0.23987665
     -0.26226730      -0.26113154      -0.25962005      -0.25776695      -0.25561351      -0.25319754      -0.25056036      -0.24776372      -0.24491157      -0.24216310      -0.23970603
     -0.26192752      -0.26079850      -0.25929555      -0.25745314      -0.25531293      -0.25291300      -0.25029488      -0.24752027      -0.24469282      -0.24197104      -0.23954168
     -0.26160718      -0.26048427      -0.25898907      -0.25715640      -0.25502825      -0.25264300      -0.25004238      -0.24728809      -0.24448352      -0.24178662      -0.23938324
     -0.26130086      -0.26018583      -0.25869901      -0.25687523      -0.25475812      -0.25238634      -0.24980182      -0.24706631      -0.24428300      -0.24160933      -0.23922991
     -0.26100058      -0.25989344      -0.25841698      -0.25660679      -0.25450134      -0.25214196      -0.24957231      -0.24685420      -0.24409066      -0.24143872      -0.23907795
     -0.26070957      -0.25960925      -0.25814193      -0.25634290      -0.25425220      -0.25190857      -0.24935301      -0.24665107      -0.24390597      -0.24127397      -0.23892708
     -0.26042339      -0.25933042      -0.25787291      -0.25608565      -0.25400786      -0.25167922      -0.24914073      -0.24645560      -0.24372754      -0.24111086      -0.23877740
     -0.26014190      -0.25905611      -0.25760860      -0.25583259      -0.25376783      -0.25145390      -0.24893116      -0.24626237      -0.24355064      -0.24094903      -0.23862877
     -0.25986640      -0.25878728      -0.25734839      -0.25558318      -0.25353174      -0.25123182      -0.24872418      -0.24607138      -0.24337537      -0.24078859      -0.23848118
     -0.25959470      -0.25852251      -0.25709210      -0.25533787      -0.25329901      -0.25101240      -0.24851997      -0.24588259      -0.24320182      -0.24062932      -0.23833458
     -0.25932635      -0.25826097      -0.25683981      -0.25509600      -0.25306872      -0.25079567      -0.24831789      -0.24569549      -0.24302964      -0.24047119      -0.23818890
     -0.25906115      -0.25800243      -0.25659032      -0.25485663      -0.25284163      -0.25058171      -0.24811774      -0.24550997      -0.24285877      -0.24031417      -0.23804442
     -0.25880078      -0.25774831      -0.25634381      -0.25461983      -0.25261666      -0.25036980      -0.24791939      -0.24532597      -0.24268918      -0.24015817      -0.23790092
     -0.25854350      -0.25749683      -0.25610026      -0.25438641      -0.25239438      -0.25015982      -0.24772277      -0.24514340      -0.24252078      -0.24000346      -0.23775869
     -0.25828884      -0.25724810      -0.25585941      -0.25415540      -0.25217412      -0.24995183      -0.24752819      -0.24496256      -0.24235378      -0.23984973      -0.23761747
     -0.25803664      -0.25700216      -0.25562121      -0.25392649      -0.25195593      -0.24974557      -0.24733512      -0.24478300      -0.24218773      -0.23969729      -0.23747736
     -0.25778704      -0.25675834      -0.25538536      -0.25369961      -0.25173994      -0.24954128      -0.24714348      -0.24460471      -0.24202312      -0.23954587      -0.23733855

     -0.26309302      -0.26191683      -0.26035468      -0.25843899      -0.25620964      -0.25370368      -0.25096280      -0.24805066      -0.24507505      -0.24220084      -0.23962271
     -0.26267149      -0.26150599      -0.25995723      -0.25805811      -0.25584889      -0.25336686      -0.25065368      -0.24777263      -0.24483069      -0.24199149      -0.23944819
     -0.26227830      -0.26112233      -0.25958554      -0.25770126      -0.25551013      -0.25304969      -0.25036164      -0.24750897      -0.24459796      -0.24179116      -0.23928036
     -0.26191042      -0.26076298      -0.25923693      -0.25736601      -0.25519121      -0.25275033      -0.25008516      -0.24725847      -0.24437595      -0.24159921      -0.23911880
     -0.26156523      -0.26042547      -0.25890912      -0.25705026      -0.25489026      -0.25246719      -0.24982292      -0.24702007      -0.24416387      -0.24141508      -0.23896312
     -0.26124050      -0.26010768      -0.25860010      -0.25675219      -0.25460566      -0.25219883      -0.24957372      -0.24679283      -0.24396100      -0.24123826      -0.23881077
     -0.26093249      -0.25980746      -0.25830815      -0.25647022      -0.25433598      -0.25194403      -0.24933652      -0.24657591      -0.24376670      -0.24106826      -0.23865951
     -0.26063091      -0.25951354      -0.25802579      -0.25620150      -0.25407995      -0.25170167      -0.24911039      -0.24636855      -0.24358036      -0.24090394      -0.23850926
     -0.26033805      -0.25922849      -0.25774993      -0.25593755      -0.25383102      -0.25146959      -0.24889449      -0.24617006      -0.24340108      -0.24074100      -0.23835999
     -0.26005121      -0.25894881      -0.25748066      -0.25568022      -0.25358731      -0.25124077      -0.24868297      -0.24597613      -0.24322389      -0.24057935      -0.23821180
     -0.25976872      -0.25867411      -0.25721612      -0.25542716      -0.25334753      -0.25101633      -0.24847461      -0.24578445      -0.24304834      -0.24041910      -0.23806490
     -0.25949224      -0.25840491      -0.25695541      -0.25517778      -0.25311170      -0.25079520      -0.24826878      -0.24559469      -0.24287454      -0.24025990      -0.23791878
     -0.25922008      -0.25813954      -0.25669897      -0.25493251      -0.25287924      -0.25057630      -0.24806513      -0.24540667      -0.24270210      -0.24010203      -0.23777379
     -0.25895128      -0.25787795      -0.25644655      -0.25469081      -0.25264963      -0.25036009      -0.24786362      -0.24522034      -0.24253100      -0.23994520      -0.23762987
     -0.25868567      -0.25761911      -0.25619695      -0.25445153      -0.25242252      -0.25014665      -0.24766442      -0.24503594      -0.24236119      -0.23978941      -0.23748691
     -0.25842491      -0.25736447      -0.25595036      -0.25421484      -0.25219776      -0.24993526      -0.24746698      -0.24485300      -0.24219258      -0.23963469      -0.23734536
     -0.25816726      -0.25711262      -0.25570674      -0.25398154      -0.25197591      -0.24972586      -0.24727122      -0.24467146      -0.24202544      -0.23948106      -0.23720482
     -0.25791226      -0.25686369      -0.25546583      -0.25375066      -0.25175616      -0.24951836      -0.24707706      -0.24449128      -0.24185945      -0.23932883      -0.23706554
     -0.25765975      -0.25661761      -0.25522759      -0.25352189      -0.25153831      -0.24931263      -0.24688441      -0.24431240      -0.24169463      -0.23917771      -0.23692721
     -0.25740986      -0.25637389      -0.25499172      -0.25329516      -0.25132231      -0.24910888      -0.24669352      -0.24413508      -0.24153096      -0.23902765      -0.23678995
     -0.25716316      -0.25613286      -0.25475809      -0.25307060      -0.25110826      -0.24890669      -0.24650408      -0.24395880      -0.24136844      -0.23887865      -0.23665402

     -0.26240243      -0.26122152      -0.25965377      -0.25773169      -0.25549541      -0.25298249      -0.25023549      -0.24731928      -0.24434318      -0.24147373      -0.23890710
     -0.26199877      -0.26082883      -0.25927477      -0.25736954      -0.25515363      -0.25266476      -0.24994538      -0.24705990      -0.24411673      -0.24128111      -0.23874774
     -0.26162215      -0.26046198      -0.25892015      -0.25703004      -0.25483245      -0.25236532      -0.24967104      -0.24681364      -0.24390078      -0.24109655      -0.23859402
     -0.26126968      -0.26011826      -0.25858743      -0.25671092      -0.25452989      -0.25208248      -0.24941108      -0.24657944      -0.24369454      -0.24091949      -0.23844195
     -0.26093887      -0.25979533      -0.25827442      -0.25641022      -0.25424421      -0.25181476      -0.24916430      -0.24635633      -0.24349731      -0.24074944      -0.23829098
     -0.26062760      -0.25949120      -0.25797927      -0.25612624      -0.25397391      -0.25156086      -0.24892960      -0.24614348      -0.24330845      -0.24058517      -0.23814121
     -0.26032332      -0.25919614      -0.25769628      -0.25585656      -0.25371764      -0.25131963      -0.24870605      -0.24594011      -0.24312739      -0.24042227      -0.23799252
     -0.26002861      -0.25890899      -0.25741887      -0.25559226      -0.25346870      -0.25108828      -0.24849211      -0.24574472      -0.24294994      -0.24026065      -0.23784488
     -0.25974011      -0.25862861      -0.25714909      -0.25533426      -0.25322504      -0.25085981      -0.24828125      -0.24555156      -0.24277413      -0.24010044      -0.23769824
     -0.25945681      -0.25835324      -0.25688386      -0.25508097      -0.25298531      -0.25063568      -0.24807357      -0.24536066      -0.24259981      -0.23994121      -0.23755253
     -0.25917954      -0.25808269      -0.25662217      -0.25483138      -0.25274953      -0.25041497      -0.24786870      -0.24517198      -0.24242687      -0.23978339      -0.23740804
     -0.25890610      -0.25781644      -0.25636534      -0.25458592      -0.25251715      -0.25019687      -0.24766579      -0.24498500      -0.24225530      -0.23962661      -0.23726454
     -0.25863702      -0.25755445      -0.25611256      -0.25434381      -0.25228762      -0.24998101      -0.24746487      -0.24479963      -0.24208532      -0.23947089      -0.23712232
     -0.25837081      -0.25729549      -0.25586262      -0.25410442      -0.25206061      -0.24976792      -0.24726628      -0.24461578      -0.24191633      -0.23931623      -0.23698112
     -0.25810886      -0.25703986      -0.25561565      -0.25386762      -0.25183596      -0.24955661      -0.24706916      -0.24443339      -0.24174883      -0.23916268      -0.23684104
     -0.25785016      -0.25678756      -0.25537179      -0.25363423      -0.25161422      -0.24934773      -0.24687408      -0.24425274      -0.24158249      -0.23901052      -0.23670229
     -0.25759455      -0.25653820      -0.25513060      -0.25340328      -0.25139460      -0.24914066      -0.24668053      -0.24407339      -0.24141732      -0.23885949      -0.23656460
     -0.25734196      -0.25629172      -0.25489211      -0.25317446      -0.25117690      -0.24893527      -0.24648845      -0.24389532      -0.24125332      -0.23870952      -0.23642798
     -0.25709198      -0.25604775      -0.25465599      -0.25294768      -0.25096105      -0.24873153      -0.24629781      -0.24371853      -0.24109049      -0.23856061      -0.23629248
     -0.25684459      -0.25580622      -0.25442214      -0.25272309      -0.25074716      -0.24852950      -0.24610864      -0.24354297      -0.24092902      -0.23841280      -0.23615820
     -0.25659966      -0.25556701      -0.25419043      -0.25250093      -0.25053544      -0.24832940      -0.24592117      -0.24336864      -0.24076870      -0.23826631      -0.23602517

     -0.26178108      -0.26059573      -0.25902275      -0.25709477      -0.25485220      -0.25233314      -0.24958100      -0.24666183      -0.24368638      -0.24082266      -0.23826708
     -0.26139354      -0.26021939      -0.25866037      -0.25674950      -0.25452749      -0.25203256      -0.24930792      -0.24641906      -0.24347577      -0.24064473      -0.23811545
     -0.26103185      -0.25986771      -0.25832117      -0.25642565      -0.25422216      -0.25174905      -0.24904943      -0.24618833      -0.24327469      -0.24047404      -0.23796485
     -0.26069326      -0.25953809      -0.25800277      -0.25612108      -0.25393434      -0.25148106      -0.24880428      -0.24596867      -0.24308244      -0.24030946      -0.23781525
     -0.26037542      -0.25922832      -0.25770313      -0.25583396      -0.25366242      -0.25122722      -0.24857136      -0.24575922      -0.24289840      -0.24014647      -0.23766674
     -0.26006981      -0.25893213      -0.25741866      -0.25556267      -0.25340500      -0.25098633      -0.24834968      -0.24555922      -0.24272033      -0.23998477      -0.23751954
     -0.25977173      -0.25864211      -0.25713958      -0.25529697      -0.25315586      -0.25075509      -0.24813694      -0.24536503      -0.24254393      -0.23982448      -0.23737328
     -0.25948208      -0.25836076      -0.25686837      -0.25503850      -0.25291173      -0.25052697      -0.24792652      -0.24517311      -0.24236902      -0.23966530      -0.23722799
     -0.25919767      -0.25808412      -0.25660190      -0.25478431      -0.25267186      -0.25030299      -0.24771930      -0.24498313      -0.24219553      -0.23950741      -0.23708372
     -0.25891760      -0.25781154      -0.25633957      -0.25453429      -0.25243597      -0.25008244      -0.24751487      -0.24479491      -0.24202342      -0.23935056      -0.23694053
     -0.25864319      -0.25754448      -0.25608212      -0.25428840      -0.25220348      -0.24986461      -0.24731261      -0.24460840      -0.24185297      -0.23919478      -0.23679876
     -0.25837318      -0.25728172      -0.25582866      -0.25404586      -0.25197386      -0.24964914      -0.24711232      -0.24442385      -0.24168375      -0.23904008      -0.23665811
     -0.25810641      -0.25702201      -0.25557785      -0.25380615      -0.25174677      -0.24943595      -0.24691386      -0.24424078      -0.24151575      -0.23888647      -0.23651854
     -0.25784328      -0.25676541      -0.25532988      -0.25356906      -0.25152205      -0.24922479      -0.24671716      -0.24405913      -0.24134893      -0.23873428      -0.23638004
     -0.25758375      -0.25651269      -0.25508585      -0.25333540      -0.25130027      -0.24901612      -0.24652255      -0.24387886      -0.24118328      -0.23858322      -0.23624261
     -0.25732736      -0.25626269      -0.25484456      -0.25310419      -0.25108062      -0.24880925      -0.24632946      -0.24369990      -0.24101909      -0.23843323      -0.23610653
     -0.25707401      -0.25601558      -0.25460562      -0.25287513      -0.25086288      -0.24860408      -0.24613784      -0.24352252      -0.24085600      -0.23828431      -0.23597169
     -0.25682330      -0.25577101      -0.25436892      -0.25264813      -0.25064702      -0.24840056      -0.24594767      -0.24334628      -0.24069407      -0.23813648      -0.23583792
     -0.25657520      -0.25552890      -0.25413460      -0.25242334      -0.25043314      -0.24819876      -0.24575897      -0.24317138      -0.24053332      -0.23798999      -0.23570536
     -0.25632961      -0.25528915      -0.25390281      -0.25220099      -0.25022143      -0.24799890      -0.24557174      -0.24299775      -0.24037367      -0.23784468      -0.23557441
     -0.25608635      -0.25505162      -0.25367278      -0.25198040      -0.25001145      -0.24780058      -0.24538576      -0.24282529      -0.24021514      -0.23770045      -0.23544513

     -0.26121802      -0.26002847      -0.25845061      -0.25651717      -0.25426889      -0.25174442      -0.24898799      -0.24606681      -0.24309294      -0.24023570      -0.23767422
     -0.26084511      -0.25966700      -0.25810333      -0.25618723      -0.25395966      -0.25145934      -0.24873024      -0.24583893      -0.24289644      -0.24007050      -0.23752492
     -0.26049699      -0.25932909      -0.25777812      -0.25587758      -0.25366869      -0.25119025      -0.24848605      -0.24562213      -0.24270862      -0.23990730      -0.23737672
     -0.26017101      -0.25901227      -0.25747274      -0.25558622      -0.25339424      -0.25093569      -0.24825426      -0.24541553      -0.24252874      -0.23974540      -0.23722982
     -0.25986294      -0.25871321      -0.25718520      -0.25531143      -0.25313481      -0.25069442      -0.24803386      -0.24521837      -0.24235139      -0.23958492      -0.23708369
     -0.25956145      -0.25842082      -0.25690395      -0.25504502      -0.25288528      -0.25046314      -0.24782147      -0.24502477      -0.24217571      -0.23942564      -0.23693872
     -0.25926913      -0.25813678      -0.25663121      -0.25478503      -0.25264021      -0.25023496      -0.24761186      -0.24483335      -0.24200179      -0.23926753      -0.23679484
     -0.25898263      -0.25785858      -0.25636314      -0.25453001      -0.25240003      -0.25001099      -0.24740495      -0.24464416      -0.24182927      -0.23911055      -0.23665204
     -0.25870091      -0.25758478      -0.25609983      -0.25427942      -0.25216385      -0.24979045      -0.24720085      -0.24445656      -0.24165811      -0.23895462      -0.23651046
     -0.25842516      -0.25731640      -0.25584141      -0.25403299      -0.25193109      -0.24957265      -0.24699892      -0.24427068      -0.24148826      -0.23879996      -0.23636997
     -0.25815351      -0.25705215      -0.25558677      -0.25378992      -0.25170098      -0.24935726      -0.24679896      -0.24408663      -0.24131964      -0.23864621      -0.23623082
     -0.25788526      -0.25679118      -0.25533525      -0.25354972      -0.25147389      -0.24914407      -0.24660084      -0.24390384      -0.24115252      -0.23849388      -0.23609275
     -0.25762025      -0.25653326      -0.25508658      -0.25331216      -0.25124896      -0.24893297      -0.24640448      -0.24372282      -0.24098653      -0.23834268      -0.23595568
     -0.25736012      -0.25627982      -0.25484188      -0.25307805      -0.25102697      -0.24872436      -0.24621021      -0.24354312      -0.24082174      -0.23819256      -0.23581991
     -0.25710313      -0.25602937      -0.25459995      -0.25284641      -0.25080713      -0.24851757      -0.24601715      -0.24336472      -0.24065814      -0.23804352      -0.23568530
     -0.25684883      -0.25578147      -0.25436040      -0.25261694      -0.25058922      -0.24831248      -0.24582582      -0.24318762      -0.24049568      -0.23789559      -0.23555194
     -0.25659705      -0.25553598      -0.25412311      -0.25238956      -0.25037320      -0.24810905      -0.24563598      -0.24301182      -0.24033436      -0.23774899      -0.23541970
     -0.25634791      -0.25529303      -0.25388823      -0.25216439      -0.25015917      -0.24790736      -0.24544757      -0.24283753      -0.24017420      -0.23760359      -0.23528908
     -0.25610201      -0.25505308      -0.25365608      -0.25194170      -0.24994733      -0.24770760      -0.24526056      -0.24266430      -0.24001539      -0.23745927      -0.23516068
     -0.25585832      -0.25481535      -0.25342603      -0.25172091      -0.24973723      -0.24750926      -0.24507494      -0.24249235      -0.23985775      -0.23731609      -0.23503348
     -0.25561705      -0.25457976      -0.25319797      -0.25150194      -0.24952874      -0.24731232      -0.24489084      -0.24232162      -0.23970122      -0.23717430      -0.23490799

     -0.26070459      -0.25951108      -0.25792863      -0.25599014      -0.25373667      -0.25120742      -0.24844747      -0.24552509      -0.24255357      -0.23969981      -0.23711735
     -0.26034506      -0.25916319      -0.25759516      -0.25567419      -0.25344155      -0.25093645      -0.24820362      -0.24531063      -0.24236972      -0.23953762      -0.23697041
     -0.26000932      -0.25883786      -0.25728273      -0.25537751      -0.25316367      -0.25068047      -0.24797238      -0.24510640      -0.24219173      -0.23937685      -0.23682442
     -0.25969486      -0.25853274      -0.25698923      -0.25509822      -0.25290142      -0.25043815      -0.24775272      -0.24491080      -0.24201543      -0.23921728      -0.23667967
     -0.25939007      -0.25823764      -0.25670674      -0.25483091      -0.25265134      -0.25020661      -0.24754051      -0.24471762      -0.24184064      -0.23905890      -0.23653602
     -0.25909432      -0.25795063      -0.25643089      -0.25456861      -0.25240486      -0.24997807      -0.24733144      -0.24452672      -0.24166726      -0.23890166      -0.23639350
     -0.25880556      -0.25767040      -0.25616175      -0.25431280      -0.25216422      -0.24975397      -0.24712474      -0.24433807      -0.24149528      -0.23874547      -0.23625211
     -0.25852205      -0.25739522      -0.25589741      -0.25406146      -0.25192759      -0.24953331      -0.24692086      -0.24415115      -0.24132499      -0.23859062      -0.23611185
     -0.25824452      -0.25712545      -0.25563753      -0.25381360      -0.25169381      -0.24931541      -0.24671899      -0.24396586      -0.24115594      -0.23843688      -0.23597293
     -0.25797106      -0.25685955      -0.25538149      -0.25356945      -0.25146323      -0.24909983      -0.24651937      -0.24378212      -0.24098811      -0.23828428      -0.23583510
     -0.25770202      -0.25659796      -0.25512953      -0.25332903      -0.25123594      -0.24888666      -0.24632152      -0.24359986      -0.24082147      -0.23813280      -0.23569836
     -0.25743578      -0.25633908      -0.25488041      -0.25309127      -0.25101104      -0.24867549      -0.24612541      -0.24341936      -0.24065603      -0.23798246      -0.23556275
     -0.25717408      -0.25608427      -0.25463439      -0.25285620      -0.25078850      -0.24846682      -0.24593103      -0.24323994      -0.24049189      -0.23783340      -0.23542838
     -0.25691554      -0.25583246      -0.25439137      -0.25262379      -0.25056824      -0.24825999      -0.24573814      -0.24306200      -0.24032879      -0.23768526      -0.23529527
     -0.25666015      -0.25558364      -0.25415111      -0.25239384      -0.25035011      -0.24805486      -0.24554705      -0.24288538      -0.24016708      -0.23753846      -0.23516370
     -0.25640781      -0.25533772      -0.25391355      -0.25216638      -0.25013407      -0.24785141      -0.24535746      -0.24271002      -0.24000655      -0.23739287      -0.23503334
     -0.25615767      -0.25509388      -0.25367806      -0.25194084      -0.24991976      -0.24764970      -0.24516930      -0.24253591      -0.23984714      -0.23724838      -0.23490530
     -0.25591071      -0.25485304      -0.25344520      -0.25171764      -0.24970766      -0.24744994      -0.24498254      -0.24236308      -0.23968884      -0.23710503      -0.23477869
     -0.25566614      -0.25461446      -0.25321445      -0.25149637      -0.24949730      -0.24725160      -0.24479719      -0.24219165      -0.23953173      -0.23696307      -0.23465345
     -0.25542390      -0.25437808      -0.25298573      -0.25127693      -0.24928857      -0.24705466      -0.24461303      -0.24202126      -0.23937595      -0.23682294      -0.23453031
     -0.25518388      -0.25414381      -0.25275895      -0.25105926      -0.24908143      -0.24685920      -0.24443011      -0.24185213      -0.23922131      -0.23668407      -0.23440849

     -0.26023384      -0.25903657      -0.25744982      -0.25550665      -0.25324845      -0.25071500      -0.24795219      -0.24502931      -0.24206079      -0.23919596      -0.23659161
     -0.25988658      -0.25870116      -0.25712902      -0.25520353      -0.25296626      -0.25045692      -0.24772099      -0.24482702      -0.24188337      -0.23903601      -0.23644702
     -0.25956222      -0.25838739      -0.25682834      -0.25491875      -0.25270039      -0.25021293      -0.24750156      -0.24463241      -0.24170760      -0.23887725      -0.23630353
     -0.25925542      -0.25809040      -0.25654379      -0.25464926      -0.25244840      -0.24998055      -0.24728944      -0.24443987      -0.24153361      -0.23871997      -0.23616117
     -0.25895446      -0.25779898      -0.25626478      -0.25438519      -0.25220126      -0.24975174      -0.24708055      -0.24424942      -0.24136104      -0.23856353      -0.23601995
     -0.25866368      -0.25751700      -0.25599398      -0.25412793      -0.25195978      -0.24952738      -0.24687403      -0.24406121      -0.24118984      -0.23840834      -0.23587986
     -0.25837778      -0.25723965      -0.25572775      -0.25387502      -0.25172200      -0.24930648      -0.24667018      -0.24387446      -0.24101996      -0.23825427      -0.23574111
     -0.25809668      -0.25696684      -0.25546569      -0.25362587      -0.25148747      -0.24908812      -0.24646831      -0.24368965      -0.24085133      -0.23810134      -0.23560345
     -0.25782169      -0.25669961      -0.25520855      -0.25338089      -0.25125637      -0.24887224      -0.24626882      -0.24350636      -0.24068420      -0.23794956      -0.23546689
     -0.25755117      -0.25643672      -0.25495553      -0.25313968      -0.25102859      -0.24865918      -0.24607113      -0.24332451      -0.24051822      -0.23779892      -0.23533146
     -0.25728393      -0.25617693      -0.25470541      -0.25290115      -0.25080322      -0.24844785      -0.24587517      -0.24314407      -0.24035343      -0.23764961      -0.23519727
     -0.25701992      -0.25592034      -0.25445825      -0.25266535      -0.25058023      -0.24823901      -0.24568087      -0.24296496      -0.24018985      -0.23750142      -0.23506434
     -0.25676050      -0.25566759      -0.25421440      -0.25243222      -0.25035953      -0.24803202      -0.24548812      -0.24278747      -0.24002742      -0.23735432      -0.23493306
     -0.25650380      -0.25541764      -0.25397320      -0.25220159      -0.25014099      -0.24782675      -0.24529718      -0.24261129      -0.23986614      -0.23720834      -0.23480311
     -0.25625019      -0.25517062      -0.25373475      -0.25197347      -0.24992472      -0.24762317      -0.24510775      -0.24243630      -0.23970604      -0.23706356      -0.23467526
     -0.25599928      -0.25492618      -0.25349873      -0.25174760      -0.24971045      -0.24742134      -0.24491975      -0.24226258      -0.23954729      -0.23692006      -0.23454912
     -0.25575102      -0.25468424      -0.25326502      -0.25152381      -0.24949803      -0.24722147      -0.24473313      -0.24209006      -0.23938974      -0.23677796      -0.23442415
     -0.25550530      -0.25444468      -0.25303350      -0.25130201      -0.24928730      -0.24702318      -0.24454777      -0.24191872      -0.23923330      -0.23663736      -0.23430120
     -0.25526196      -0.25420739      -0.25280409      -0.25108213      -0.24907822      -0.24682616      -0.24436369      -0.24174861      -0.23907798      -0.23649827      -0.23417994
     -0.25502147      -0.25397277      -0.25257711      -0.25086435      -0.24887073      -0.24663060      -0.24418095      -0.24157992      -0.23892389      -0.23636066      -0.23406008
     -0.25478309      -0.25374012      -0.25235177      -0.25064787      -0.24866487      -0.24643649      -0.24399976      -0.24141237      -0.23877151      -0.23622486      -0.23394313

     -0.25980011      -0.25859927      -0.25700847      -0.25506096      -0.25279846      -0.25026133      -0.24749624      -0.24457348      -0.24159990      -0.23871953      -0.23609388
     -0.25946418      -0.25827538      -0.25669936      -0.25476967      -0.25252817      -0.25001507      -0.24727661      -0.24437922      -0.24142484      -0.23856180      -0.23595172
     -0.25915032      -0.25797227      -0.25640952      -0.25449587      -0.25227335      -0.24978152      -0.24706447      -0.24418728      -0.24125141      -0.23840515      -0.23581061
     -0.25884576      -0.25767768      -0.25612788      -0.25422979      -0.25202490      -0.24955232      -0.24685557      -0.24399731      -0.24107921      -0.23824959      -0.23567062
     -0.25855076      -0.25739219      -0.25585443      -0.25397088      -0.25178233      -0.24932758      -0.24664908      -0.24380914      -0.24090871      -0.23809512      -0.23553197
     -0.25826233      -0.25711255      -0.25558618      -0.25371632      -0.25154383      -0.24910600      -0.24644521      -0.24362271      -0.24073947      -0.23794178      -0.23539425
     -0.25797917      -0.25683797      -0.25532275      -0.25346621      -0.25130863      -0.24888707      -0.24624336      -0.24343827      -0.24057146      -0.23778987      -0.23525790
     -0.25770213      -0.25656900      -0.25506425      -0.25322029      -0.25107688      -0.24867089      -0.24604390      -0.24325533      -0.24040468      -0.23763904      -0.23512268
     -0.25742951      -0.25630421      -0.25480958      -0.25297777      -0.25084847      -0.24845755      -0.24584624      -0.24307386      -0.24023909      -0.23748935      -0.23498862
     -0.25716036      -0.25604275      -0.25455806      -0.25273814      -0.25062236      -0.24824633      -0.24565033      -0.24289378      -0.24007498      -0.23734080      -0.23485582
     -0.25689451      -0.25578441      -0.25430943      -0.25250117      -0.25039862      -0.24803715      -0.24545608      -0.24271504      -0.23991182      -0.23719334      -0.23472466
     -0.25663361      -0.25553058      -0.25406482      -0.25226767      -0.25017766      -0.24782992      -0.24526339      -0.24253768      -0.23974998      -0.23704702      -0.23459508
     -0.25637590      -0.25527979      -0.25382301      -0.25203667      -0.24995858      -0.24762452      -0.24507252      -0.24236149      -0.23958934      -0.23690191      -0.23446737
     -0.25612094      -0.25503160      -0.25358361      -0.25180787      -0.24974179      -0.24742073      -0.24488316      -0.24218685      -0.23942984      -0.23675809      -0.23434137
     -0.25586855      -0.25478587      -0.25334651      -0.25158117      -0.24952703      -0.24721868      -0.24469517      -0.24201350      -0.23927146      -0.23661568      -0.23421679
     -0.25561886      -0.25454271      -0.25311183      -0.25135670      -0.24931414      -0.24701860      -0.24450857      -0.24184135      -0.23911429      -0.23647452      -0.23409399
     -0.25537244      -0.25430261      -0.25287994      -0.25113444      -0.24910305      -0.24682011      -0.24432329      -0.24167038      -0.23895845      -0.23633521      -0.23397314
     -0.25512842      -0.25406477      -0.25264994      -0.25091386      -0.24889370      -0.24662308      -0.24413929      -0.24150065      -0.23880384      -0.23619738      -0.23385344
     -0.25488674      -0.25382914      -0.25242204      -0.25069547      -0.24868624      -0.24642748      -0.24395664      -0.24133199      -0.23865055      -0.23606098      -0.23373719
     -0.25464731      -0.25359556      -0.25219608      -0.25047887      -0.24847994      -0.24623320      -0.24377555      -0.24116450      -0.23849861      -0.23592610      -0.23362482
     -0.25440997      -0.25336391      -0.25197204      -0.25026405      -0.24827562      -0.24604031      -0.24359542      -0.24099860      -0.23834797      -0.23579298      -0.23351611

     -0.25939873      -0.25819451      -0.25659990      -0.25464835      -0.25238195      -0.24984160      -0.24707475      -0.24414859      -0.24116381      -0.23826761      -0.23562131
     -0.25907331      -0.25788129      -0.25630163      -0.25436802      -0.25212264      -0.24960623      -0.24686250      -0.24395693      -0.24099084      -0.23811161      -0.23548138
     -0.25876628      -0.25758463      -0.25601826      -0.25410061      -0.25187329      -0.24937633      -0.24665345      -0.24376726      -0.24081928      -0.23795696      -0.23534268
     -0.25846529      -0.25729380      -0.25574037      -0.25383826      -0.25162892      -0.24915089      -0.24644681      -0.24357937      -0.24064929      -0.23780318      -0.23520502
     -0.25817462      -0.25701232      -0.25547060      -0.25358252      -0.25138908      -0.24892878      -0.24624299      -0.24339323      -0.24048032      -0.23765081      -0.23506873
     -0.25788882      -0.25673575      -0.25520568      -0.25333127      -0.25115328      -0.24870942      -0.24604108      -0.24320909      -0.24031287      -0.23749959      -0.23493369
     -0.25760785      -0.25646333      -0.25494448      -0.25308386      -0.25092093      -0.24849285      -0.24584156      -0.24302634      -0.24014663      -0.23734948      -0.23479970
     -0.25733301      -0.25619651      -0.25468805      -0.25283993      -0.25069152      -0.24827912      -0.24564386      -0.24284510      -0.23998161      -0.23720046      -0.23466697
     -0.25706266      -0.25593405      -0.25443575      -0.25259977      -0.25046468      -0.24806753      -0.24544791      -0.24266523      -0.23981779      -0.23705258      -0.23453589
     -0.25679563      -0.25567471      -0.25418636      -0.25236201      -0.25024027      -0.24785800      -0.24525363      -0.24248669      -0.23965517      -0.23690605      -0.23440654
     -0.25653228      -0.25541880      -0.25394007      -0.25212754      -0.25001884      -0.24765043      -0.24506092      -0.24230948      -0.23949388      -0.23676073      -0.23427891
     -0.25627267      -0.25516630      -0.25369683      -0.25189546      -0.24979959      -0.24744472      -0.24487004      -0.24213359      -0.23933354      -0.23661652      -0.23415300
     -0.25601624      -0.25491685      -0.25345640      -0.25166588      -0.24958230      -0.24724105      -0.24468067      -0.24195925      -0.23917456      -0.23647347      -0.23402869
     -0.25576292      -0.25467033      -0.25321871      -0.25143830      -0.24936693      -0.24703879      -0.24449269      -0.24178606      -0.23901678      -0.23633182      -0.23390599
     -0.25551231      -0.25442642      -0.25298331      -0.25121298      -0.24915357      -0.24683841      -0.24430608      -0.24161407      -0.23886014      -0.23619216      -0.23378524
     -0.25526437      -0.25418501      -0.25275033      -0.25099018      -0.24894209      -0.24663963      -0.24412081      -0.24144332      -0.23870464      -0.23605398      -0.23366583
     -0.25501900      -0.25394600      -0.25251950      -0.25076933      -0.24873219      -0.24644233      -0.24393683      -0.24127377      -0.23855037      -0.23591702      -0.23355010
     -0.25477602      -0.25370927      -0.25229072      -0.25055033      -0.24852424      -0.24624647      -0.24375420      -0.24110540      -0.23839783      -0.23578178      -0.23343828
     -0.25453591      -0.25347481      -0.25206392      -0.25033312      -0.24831794      -0.24605209      -0.24357313      -0.24093822      -0.23824660      -0.23564829      -0.23333015
     -0.25429752      -0.25324214      -0.25183905      -0.25011769      -0.24811327      -0.24585922      -0.24339298      -0.24077263      -0.23809666      -0.23551642      -0.23322551
     -0.25406146      -0.25301199      -0.25161655      -0.24990386      -0.24791006      -0.24566742      -0.24321429      -0.24060809      -0.23794806      -0.23538909      -0.23312418

