      0.00000000 
      0.00000000 
   5000.00000000

      0.00000000 
      0.00000000 
   5000.00000000

      0.00000000 
      0.00000000 
      0.00000000


    454.54545455 
    454.54545455 
    454.54545455

    454.54545455 
    454.54545455 
    454.54545455

    454.54545455 
    454.54545455 
    454.54545455


    909.09090909 
    909.09090909 
    909.09090909

    909.09090909 
    909.09090909 
    909.09090909

    909.09090909 
    909.09090909 
    909.09090909


   1363.63636364 
   1363.63636364 
   1363.63636364

   1363.63636364 
   1363.63636364 
   1363.63636364

   1590.90909091 
   1363.63636364 
   1363.63636364


   2045.45454545 
   2045.45454545 
   2045.45454545

   2045.45454545 
   2045.45454545 
   2045.45454545

   2045.45454545 
   2045.45454545 
   2045.45454545


   2272.72727273 
   2500.00000000 
   2500.00000000

   2272.72727273 
   2500.00000000 
   2500.00000000

   2272.72727273 
   2500.00000000 
   2500.00000000


   2727.27272727 
   2954.54545455 
   2954.54545455

   2727.27272727 
   2954.54545455 
   2954.54545455

   2727.27272727 
   2954.54545455 
   2954.54545455


   3181.81818182 
   3409.09090909 
   3409.09090909

   3409.09090909 
   3409.09090909 
   3409.09090909

   3409.09090909 
   3409.09090909 
   3409.09090909


   3863.63636364 
   4090.90909091 
   4090.90909091

   3863.63636364 
   4090.90909091 
   4090.90909091

   3863.63636364 
   4090.90909091 
   4090.90909091


   4318.18181818 
   4545.45454545 
   4545.45454545

   4318.18181818 
   4545.45454545 
   4545.45454545

   4318.18181818 
   4545.45454545 
   4545.45454545


   4772.72727273 
   5000.00000000 
   5000.00000000

   4772.72727273 
   5000.00000000 
   5000.00000000

   4772.72727273 
   5000.00000000 
   5000.00000000



      0.00000000 
      0.00000000 
      0.00000000

      0.00000000 
      0.00000000 
      0.00000000

      0.00000000 
      0.00000000 
      0.00000000


    454.54545455 
    454.54545455 
    454.54545455

    454.54545455 
    454.54545455 
    454.54545455

    454.54545455 
    454.54545455 
    454.54545455


    909.09090909 
    909.09090909 
    909.09090909

    909.09090909 
    909.09090909 
    909.09090909

    909.09090909 
    909.09090909 
    909.09090909


   1590.90909091 
   1590.90909091 
   1590.90909091

   1590.90909091 
   1590.90909091 
   1590.90909091

   1590.90909091 
   1590.90909091 
   1590.90909091


   2045.45454545 
   2045.45454545 
   2045.45454545

   2045.45454545 
   2045.45454545 
   2045.45454545

   2045.45454545 
   2045.45454545 
   2045.45454545


   2500.00000000 
   2500.00000000 
   2500.00000000

   2500.00000000 
   2500.00000000 
   2500.00000000

   2500.00000000 
   2500.00000000 
   2500.00000000


   2727.27272727 
   2954.54545455 
   2954.54545455

   2727.27272727 
   2954.54545455 
   2954.54545455

   2727.27272727 
   2954.54545455 
   2954.54545455


   3409.09090909 
   3409.09090909 
   3409.09090909

   3409.09090909 
   3409.09090909 
   3409.09090909

   3409.09090909 
   3409.09090909 
   3409.09090909


   3863.63636364 
   4090.90909091 
   4090.90909091

   3863.63636364 
   4090.90909091 
   4090.90909091

   3863.63636364 
   4090.90909091 
   4090.90909091


   4318.18181818 
   4545.45454545 
   4545.45454545

   4318.18181818 
   4545.45454545 
   4545.45454545

   4318.18181818 
   4545.45454545 
   4545.45454545


   4772.72727273 
   5000.00000000 
   5000.00000000

   4772.72727273 
   5000.00000000 
   5000.00000000

   4772.72727273 
   5000.00000000 
   5000.00000000



      0.00000000 
      0.00000000 
      0.00000000

      0.00000000 
      0.00000000 
      0.00000000

      0.00000000 
      0.00000000 
      0.00000000


    454.54545455 
    454.54545455 
    454.54545455

    454.54545455 
    454.54545455 
    454.54545455

    454.54545455 
    454.54545455 
    454.54545455


    909.09090909 
    909.09090909 
    909.09090909

    909.09090909 
    909.09090909 
    909.09090909

    909.09090909 
    909.09090909 
    909.09090909


   1590.90909091 
   1590.90909091 
   1590.90909091

   1590.90909091 
   1590.90909091 
   1590.90909091

   1590.90909091 
   1590.90909091 
   1590.90909091


   2045.45454545 
   2045.45454545 
   2045.45454545

   2045.45454545 
   2045.45454545 
   2045.45454545

   2045.45454545 
   2045.45454545 
   2045.45454545


   2500.00000000 
   2500.00000000 
   2500.00000000

   2500.00000000 
   2500.00000000 
   2500.00000000

   2500.00000000 
   2500.00000000 
   2500.00000000


   2954.54545455 
   2954.54545455 
   2954.54545455

   2954.54545455 
   2954.54545455 
   2954.54545455

   2954.54545455 
   2954.54545455 
   2954.54545455


   3409.09090909 
   3409.09090909 
   3409.09090909

   3409.09090909 
   3409.09090909 
   3409.09090909

   3409.09090909 
   3409.09090909 
   3409.09090909


   3863.63636364 
   4090.90909091 
   4090.90909091

   3863.63636364 
   4090.90909091 
   4090.90909091

   3863.63636364 
   4090.90909091 
   4090.90909091


   4318.18181818 
   4545.45454545 
   4545.45454545

   4318.18181818 
   4545.45454545 
   4545.45454545

   4318.18181818 
   4545.45454545 
   4545.45454545


   4772.72727273 
   5000.00000000 
   5000.00000000

   4772.72727273 
   5000.00000000 
   5000.00000000

   4772.72727273 
   5000.00000000 
   5000.00000000



      0.00000000 
      0.00000000 
      0.00000000

      0.00000000 
      0.00000000 
      0.00000000

      0.00000000 
      0.00000000 
      0.00000000


    454.54545455 
    454.54545455 
    454.54545455

    454.54545455 
    454.54545455 
    454.54545455

    454.54545455 
    454.54545455 
    454.54545455


    909.09090909 
    909.09090909 
    909.09090909

    909.09090909 
    909.09090909 
    909.09090909

    909.09090909 
    909.09090909 
    909.09090909


   1590.90909091 
   1590.90909091 
   1590.90909091

   1590.90909091 
   1590.90909091 
   1590.90909091

   1590.90909091 
   1590.90909091 
   1590.90909091


   2045.45454545 
   2045.45454545 
   2045.45454545

   2045.45454545 
   2045.45454545 
   2045.45454545

   2045.45454545 
   2045.45454545 
   2045.45454545


   2500.00000000 
   2500.00000000 
   2500.00000000

   2500.00000000 
   2500.00000000 
   2500.00000000

   2500.00000000 
   2500.00000000 
   2500.00000000


   2954.54545455 
   2954.54545455 
   2954.54545455

   2954.54545455 
   2954.54545455 
   2954.54545455

   2954.54545455 
   2954.54545455 
   2954.54545455


   3409.09090909 
   3409.09090909 
   3409.09090909

   3409.09090909 
   3409.09090909 
   3409.09090909

   3409.09090909 
   3409.09090909 
   3409.09090909


   3863.63636364 
   4090.90909091 
   4090.90909091

   3863.63636364 
   4090.90909091 
   4090.90909091

   3863.63636364 
   4090.90909091 
   4090.90909091


   4318.18181818 
   4545.45454545 
   4545.45454545

   4318.18181818 
   4545.45454545 
   4545.45454545

   4318.18181818 
   4545.45454545 
   4545.45454545


   4772.72727273 
   5000.00000000 
   5000.00000000

   4772.72727273 
   5000.00000000 
   5000.00000000

   4772.72727273 
   5000.00000000 
   5000.00000000



      0.00000000 
      0.00000000 
      0.00000000

      0.00000000 
      0.00000000 
      0.00000000

      0.00000000 
      0.00000000 
      0.00000000


    454.54545455 
    454.54545455 
    454.54545455

    454.54545455 
    454.54545455 
    454.54545455

    454.54545455 
    454.54545455 
    454.54545455


    909.09090909 
    909.09090909 
    909.09090909

    909.09090909 
    909.09090909 
    909.09090909

    909.09090909 
    909.09090909 
    909.09090909


   1590.90909091 
   1590.90909091 
   1590.90909091

   1590.90909091 
   1590.90909091 
   1590.90909091

   1590.90909091 
   1590.90909091 
   1590.90909091


   2045.45454545 
   2045.45454545 
   2045.45454545

   2045.45454545 
   2045.45454545 
   2045.45454545

   2045.45454545 
   2045.45454545 
   2045.45454545


   2500.00000000 
   2500.00000000 
   2500.00000000

   2500.00000000 
   2500.00000000 
   2500.00000000

   2500.00000000 
   2500.00000000 
   2500.00000000


   2954.54545455 
   2954.54545455 
   2954.54545455

   2954.54545455 
   2954.54545455 
   2954.54545455

   2954.54545455 
   2954.54545455 
   2954.54545455


   3409.09090909 
   3409.09090909 
   3636.36363636

   3409.09090909 
   3409.09090909 
   3636.36363636

   3409.09090909 
   3409.09090909 
   3636.36363636


   3863.63636364 
   4090.90909091 
   4090.90909091

   3863.63636364 
   4090.90909091 
   4090.90909091

   3863.63636364 
   4090.90909091 
   4090.90909091


   4318.18181818 
   4545.45454545 
   4545.45454545

   4318.18181818 
   4545.45454545 
   4545.45454545

   4318.18181818 
   4545.45454545 
   4545.45454545


   4772.72727273 
   5000.00000000 
   5000.00000000

   4772.72727273 
   5000.00000000 
   5000.00000000

   4772.72727273 
   5000.00000000 
   5000.00000000



      0.00000000 
      0.00000000 
      0.00000000

      0.00000000 
      0.00000000 
      0.00000000

      0.00000000 
      0.00000000 
      0.00000000


    454.54545455 
    454.54545455 
    454.54545455

    454.54545455 
    454.54545455 
    454.54545455

    454.54545455 
    454.54545455 
    454.54545455


    909.09090909 
    909.09090909 
    909.09090909

    909.09090909 
    909.09090909 
    909.09090909

    909.09090909 
    909.09090909 
    909.09090909


   1590.90909091 
   1590.90909091 
   1590.90909091

   1590.90909091 
   1590.90909091 
   1590.90909091

   1590.90909091 
   1590.90909091 
   1590.90909091


   2045.45454545 
   2045.45454545 
   2045.45454545

   2045.45454545 
   2045.45454545 
   2045.45454545

   2045.45454545 
   2045.45454545 
   2045.45454545


   2500.00000000 
   2500.00000000 
   2500.00000000

   2500.00000000 
   2500.00000000 
   2500.00000000

   2500.00000000 
   2500.00000000 
   2500.00000000


   2954.54545455 
   2954.54545455 
   2954.54545455

   2954.54545455 
   2954.54545455 
   2954.54545455

   2954.54545455 
   2954.54545455 
   2954.54545455


   3409.09090909 
   3636.36363636 
   3636.36363636

   3409.09090909 
   3636.36363636 
   3636.36363636

   3409.09090909 
   3636.36363636 
   3636.36363636


   3863.63636364 
   4090.90909091 
   4090.90909091

   3863.63636364 
   4090.90909091 
   4090.90909091

   3863.63636364 
   4090.90909091 
   4090.90909091


   4318.18181818 
   4545.45454545 
   4545.45454545

   4318.18181818 
   4545.45454545 
   4545.45454545

   4318.18181818 
   4545.45454545 
   4545.45454545


   4772.72727273 
   5000.00000000 
   5000.00000000

   4772.72727273 
   5000.00000000 
   5000.00000000

   4772.72727273 
   5000.00000000 
   5000.00000000



      0.00000000 
      0.00000000 
      0.00000000

      0.00000000 
      0.00000000 
      0.00000000

      0.00000000 
      0.00000000 
      0.00000000


    454.54545455 
    454.54545455 
    454.54545455

    454.54545455 
    454.54545455 
    454.54545455

    454.54545455 
    454.54545455 
    454.54545455


   1136.36363636 
    909.09090909 
    909.09090909

   1136.36363636 
    909.09090909 
    909.09090909

   1136.36363636 
    909.09090909 
    909.09090909


   1590.90909091 
   1590.90909091 
   1590.90909091

   1590.90909091 
   1590.90909091 
   1590.90909091

   1590.90909091 
   1590.90909091 
   1590.90909091


   2045.45454545 
   2045.45454545 
   2045.45454545

   2045.45454545 
   2045.45454545 
   2045.45454545

   2045.45454545 
   2045.45454545 
   2045.45454545


   2500.00000000 
   2500.00000000 
   2500.00000000

   2500.00000000 
   2500.00000000 
   2500.00000000

   2500.00000000 
   2500.00000000 
   2500.00000000


   2954.54545455 
   2954.54545455 
   2954.54545455

   2954.54545455 
   2954.54545455 
   2954.54545455

   2954.54545455 
   2954.54545455 
   2954.54545455


   3409.09090909 
   3636.36363636 
   3636.36363636

   3409.09090909 
   3636.36363636 
   3636.36363636

   3409.09090909 
   3636.36363636 
   3636.36363636


   3863.63636364 
   4090.90909091 
   4090.90909091

   3863.63636364 
   4090.90909091 
   4090.90909091

   3863.63636364 
   4090.90909091 
   4090.90909091


   4318.18181818 
   4545.45454545 
   4545.45454545

   4318.18181818 
   4545.45454545 
   4545.45454545

   4318.18181818 
   4545.45454545 
   4545.45454545


   4772.72727273 
   5000.00000000 
   5000.00000000

   4772.72727273 
   5000.00000000 
   5000.00000000

   4772.72727273 
   5000.00000000 
   5000.00000000



      0.00000000 
      0.00000000 
      0.00000000

      0.00000000 
      0.00000000 
      0.00000000

      0.00000000 
      0.00000000 
      0.00000000


    454.54545455 
    454.54545455 
    454.54545455

    454.54545455 
    454.54545455 
    454.54545455

    454.54545455 
    454.54545455 
    454.54545455


   1136.36363636 
   1136.36363636 
   1136.36363636

   1136.36363636 
   1136.36363636 
   1136.36363636

   1136.36363636 
   1136.36363636 
   1136.36363636


   1590.90909091 
   1590.90909091 
   1590.90909091

   1590.90909091 
   1590.90909091 
   1590.90909091

   1590.90909091 
   1590.90909091 
   1590.90909091


   2045.45454545 
   2045.45454545 
   2045.45454545

   2045.45454545 
   2045.45454545 
   2045.45454545

   2045.45454545 
   2045.45454545 
   2045.45454545


   2500.00000000 
   2500.00000000 
   2500.00000000

   2500.00000000 
   2500.00000000 
   2500.00000000

   2500.00000000 
   2500.00000000 
   2500.00000000


   2954.54545455 
   2954.54545455 
   3181.81818182

   2954.54545455 
   2954.54545455 
   3181.81818182

   2954.54545455 
   2954.54545455 
   3181.81818182


   3409.09090909 
   3636.36363636 
   3636.36363636

   3409.09090909 
   3636.36363636 
   3636.36363636

   3409.09090909 
   3636.36363636 
   3636.36363636


   3863.63636364 
   4090.90909091 
   4090.90909091

   3863.63636364 
   4090.90909091 
   4090.90909091

   3863.63636364 
   4090.90909091 
   4090.90909091


   4318.18181818 
   4545.45454545 
   4545.45454545

   4318.18181818 
   4545.45454545 
   4545.45454545

   4318.18181818 
   4545.45454545 
   4545.45454545


   4772.72727273 
   5000.00000000 
   5000.00000000

   4772.72727273 
   5000.00000000 
   5000.00000000

   4772.72727273 
   5000.00000000 
   5000.00000000



      0.00000000 
      0.00000000 
      0.00000000

      0.00000000 
      0.00000000 
      0.00000000

      0.00000000 
      0.00000000 
      0.00000000


    454.54545455 
    454.54545455 
    454.54545455

    454.54545455 
    454.54545455 
    454.54545455

    454.54545455 
    454.54545455 
    454.54545455


   1136.36363636 
   1136.36363636 
   1136.36363636

   1136.36363636 
   1136.36363636 
   1136.36363636

   1136.36363636 
   1136.36363636 
   1136.36363636


   1590.90909091 
   1590.90909091 
   1590.90909091

   1590.90909091 
   1590.90909091 
   1590.90909091

   1590.90909091 
   1590.90909091 
   1590.90909091


   2045.45454545 
   2045.45454545 
   2045.45454545

   2045.45454545 
   2045.45454545 
   2045.45454545

   2045.45454545 
   2045.45454545 
   2045.45454545


   2500.00000000 
   2500.00000000 
   2500.00000000

   2500.00000000 
   2500.00000000 
   2500.00000000

   2500.00000000 
   2500.00000000 
   2500.00000000


   2954.54545455 
   3181.81818182 
   3181.81818182

   2954.54545455 
   3181.81818182 
   3181.81818182

   2954.54545455 
   3181.81818182 
   3181.81818182


   3409.09090909 
   3636.36363636 
   3636.36363636

   3409.09090909 
   3636.36363636 
   3636.36363636

   3409.09090909 
   3636.36363636 
   3636.36363636


   3863.63636364 
   4090.90909091 
   4090.90909091

   3863.63636364 
   4090.90909091 
   4090.90909091

   3863.63636364 
   4090.90909091 
   4090.90909091


   4318.18181818 
   4545.45454545 
   4545.45454545

   4318.18181818 
   4545.45454545 
   4545.45454545

   4318.18181818 
   4545.45454545 
   4545.45454545


   4772.72727273 
   5000.00000000 
   5000.00000000

   4772.72727273 
   5000.00000000 
   5000.00000000

   4772.72727273 
   5000.00000000 
   5000.00000000



      0.00000000 
      0.00000000 
      0.00000000

      0.00000000 
      0.00000000 
      0.00000000

      0.00000000 
      0.00000000 
      0.00000000


    454.54545455 
    454.54545455 
    454.54545455

    454.54545455 
    454.54545455 
    454.54545455

    454.54545455 
    454.54545455 
    454.54545455


   1136.36363636 
   1136.36363636 
   1136.36363636

   1136.36363636 
   1136.36363636 
   1136.36363636

   1136.36363636 
   1136.36363636 
   1136.36363636


   1590.90909091 
   1590.90909091 
   1590.90909091

   1590.90909091 
   1590.90909091 
   1590.90909091

   1590.90909091 
   1590.90909091 
   1590.90909091


   2045.45454545 
   2045.45454545 
   2045.45454545

   2045.45454545 
   2045.45454545 
   2045.45454545

   2045.45454545 
   2045.45454545 
   2045.45454545


   2500.00000000 
   2500.00000000 
   2500.00000000

   2500.00000000 
   2500.00000000 
   2500.00000000

   2500.00000000 
   2500.00000000 
   2500.00000000


   2954.54545455 
   3181.81818182 
   3181.81818182

   2954.54545455 
   3181.81818182 
   3181.81818182

   2954.54545455 
   3181.81818182 
   3181.81818182


   3409.09090909 
   3636.36363636 
   3636.36363636

   3409.09090909 
   3636.36363636 
   3636.36363636

   3409.09090909 
   3636.36363636 
   3636.36363636


   3863.63636364 
   4090.90909091 
   4090.90909091

   3863.63636364 
   4090.90909091 
   4090.90909091

   3863.63636364 
   4090.90909091 
   4090.90909091


   4318.18181818 
   4545.45454545 
   4545.45454545

   4318.18181818 
   4545.45454545 
   4545.45454545

   4318.18181818 
   4545.45454545 
   4545.45454545


   4772.72727273 
   5000.00000000 
   5000.00000000

   4772.72727273 
   5000.00000000 
   5000.00000000

   4772.72727273 
   5000.00000000 
   5000.00000000



      0.00000000 
      0.00000000 
      0.00000000

      0.00000000 
      0.00000000 
      0.00000000

      0.00000000 
      0.00000000 
      0.00000000


    454.54545455 
    454.54545455 
    454.54545455

    454.54545455 
    454.54545455 
    454.54545455

    454.54545455 
    454.54545455 
    454.54545455


   1136.36363636 
   1136.36363636 
   1136.36363636

   1136.36363636 
   1136.36363636 
   1136.36363636

   1136.36363636 
   1136.36363636 
   1136.36363636


   1590.90909091 
   1590.90909091 
   1590.90909091

   1590.90909091 
   1590.90909091 
   1590.90909091

   1590.90909091 
   1590.90909091 
   1590.90909091


   2045.45454545 
   2045.45454545 
   2045.45454545

   2045.45454545 
   2045.45454545 
   2045.45454545

   2045.45454545 
   2045.45454545 
   2045.45454545


   2500.00000000 
   2500.00000000 
   2500.00000000

   2500.00000000 
   2500.00000000 
   2500.00000000

   2500.00000000 
   2500.00000000 
   2500.00000000


   2954.54545455 
   3181.81818182 
   3181.81818182

   2954.54545455 
   3181.81818182 
   3181.81818182

   2954.54545455 
   3181.81818182 
   3181.81818182


   3409.09090909 
   3636.36363636 
   3636.36363636

   3409.09090909 
   3636.36363636 
   3636.36363636

   3409.09090909 
   3636.36363636 
   3636.36363636


   3863.63636364 
   4090.90909091 
   4090.90909091

   3863.63636364 
   4090.90909091 
   4090.90909091

   3863.63636364 
   4090.90909091 
   4090.90909091


   4318.18181818 
   4545.45454545 
   4545.45454545

   4318.18181818 
   4545.45454545 
   4545.45454545

   4318.18181818 
   4545.45454545 
   4545.45454545


   4772.72727273 
   5000.00000000 
   5000.00000000

   4772.72727273 
   5000.00000000 
   5000.00000000

   4772.72727273 
   5000.00000000 
   5000.00000000



