      0.10000000 
      0.10000000 
      0.10000000 
      0.10000000 
      0.10000000 
      0.10000000 
      0.10000000 
      0.10000000 
      0.10000000 
      0.10000000 
      0.10000000

      0.10000000 
      0.10000000 
      0.10000000 
      0.10000000 
      0.10000000 
      0.10000000 
      0.10000000 
      0.10000000 
      0.10000000 
      0.10000000 
      0.10000000

      0.10000000 
      0.10000000 
      0.10000000 
      0.10000000 
      0.10000000 
      0.10000000 
      0.10000000 
      0.10000000 
      0.10000000 
      0.10000000 
      0.10000000

      0.30866709 
      0.29366709 
      0.27866709 
      0.26366709 
      0.24866709 
      0.23366709 
      0.21866709 
      0.20366709 
      0.18866709 
      0.17366709 
      0.15866709


    968.61744882 
    990.13354930 
   1011.64964978 
   1033.16575026 
   1054.68185074 
   1076.19795121 
   1097.71405169 
   1119.23015217 
   1140.74625265 
   1162.26235313 
   1183.77845361

    968.75804989 
    990.27415037 
   1011.79025085 
   1033.30635133 
   1054.82245181 
   1076.33855228 
   1097.85465276 
   1119.37075324 
   1140.88685372 
   1162.40295420 
   1183.91905468

    968.94896221 
    990.46506269 
   1011.98116316 
   1033.49726364 
   1055.01336412 
   1076.52946460 
   1098.04556508 
   1119.56166556 
   1141.07776603 
   1162.59386651 
   1184.10996699

    969.20818862 
    990.72428910 
   1012.24038958 
   1033.75649006 
   1055.27259054 
   1076.78869102 
   1098.30479150 
   1119.82089197 
   1141.33699245 
   1162.85309293 
   1184.36919341


    181.79086672 
    185.82193204 
    189.85299736 
    193.88406268 
    197.91512800 
    201.94619332 
    205.97725864 
    210.00832396 
    214.03938928 
    218.07045460 
    222.10151992

    181.93146779 
    185.96253311 
    189.99359843 
    194.02466375 
    198.05572907 
    202.08679439 
    206.11785971 
    210.14892503 
    214.17999035 
    218.21105567 
    222.24212099

    182.12238010 
    186.15344542 
    190.18451074 
    194.21557606 
    198.24664138 
    202.27770670 
    206.30877203 
    210.33983735 
    214.37090267 
    218.40196799 
    222.43303331

    182.38160652 
    186.41267184 
    190.44373716 
    194.47480248 
    198.50586780 
    202.53693312 
    206.56799844 
    210.59906376 
    214.63012908 
    218.66119440 
    222.69225973


    207.09149188 
    211.68479332 
    216.27809476 
    220.87139619 
    225.46469763 
    230.05799906 
    234.65130050 
    239.24460193 
    243.83790337 
    248.43120480 
    253.02450624

    207.23209295 
    211.82539439 
    216.41869583 
    221.01199726 
    225.60529870 
    230.19860013 
    234.79190157 
    239.38520300 
    243.97850444 
    248.57180587 
    253.16510731

    207.42300527 
    212.01630670 
    216.60960814 
    221.20290958 
    225.79621101 
    230.38951245 
    234.98281388 
    239.57611532 
    244.16941675 
    248.76271819 
    253.35601962

    207.68223169 
    212.27553312 
    216.86883456 
    221.46213599 
    226.05543743 
    230.64873886 
    235.24204030 
    239.83534173 
    244.42864317 
    249.02194461 
    253.61524604


    807.13419523 
    825.06177897 
    842.98936270 
    860.91694643 
    878.84453016 
    896.77211389 
    914.69969763 
    932.62728136 
    950.55486509 
    968.48244882 
    986.41003255

    807.27479630 
    825.20238004 
    843.12996377 
    861.05754750 
    878.98513123 
    896.91271496 
    914.84029870 
    932.76788243 
    950.69546616 
    968.62304989 
    986.55063362

    807.46570862 
    825.39329235 
    843.32087608 
    861.24845981 
    879.17604355 
    897.10362728 
    915.03121101 
    932.95879474 
    950.88637847 
    968.81396221 
    986.74154594

    807.72493504 
    825.65251877 
    843.58010250 
    861.50768623 
    879.43526996 
    897.36285370 
    915.29043743 
    933.21802116 
    951.14560489 
    969.07318862 
    987.00077236


    549.43598949 
    561.63694643 
    573.83790337 
    586.03886031 
    598.23981724 
    610.44077418 
    622.64173112 
    634.84268806 
    647.04364499 
    659.24460193 
    671.44555887

    549.57659056 
    561.77754750 
    573.97850444 
    586.17946138 
    598.38041831 
    610.58137525 
    622.78233219 
    634.98328913 
    647.18424606 
    659.38520300 
    671.58615994

    549.76750288 
    561.96845981 
    574.16941675 
    586.37037369 
    598.57133063 
    610.77228757 
    622.97324450 
    635.17420144 
    647.37515838 
    659.57611532 
    671.77707225

    550.02672929 
    562.22768623 
    574.42864317 
    586.62960011 
    598.83055705 
    611.03151398 
    623.23247092 
    635.43342786 
    647.63438480 
    659.83534173 
    672.03629867


    781.97187466 
    799.34029571 
    816.70871676 
    834.07713782 
    851.44555887 
    868.81397992 
    886.18240098 
    903.55082203 
    920.91924308 
    938.28766413 
    955.65608519

    782.11247573 
    799.48089678 
    816.84931784 
    834.21773889 
    851.58615994 
    868.95458099 
    886.32300205 
    903.69142310 
    921.05984415 
    938.42826520 
    955.79668626

    782.30338804 
    799.67180910 
    817.04023015 
    834.40865120 
    851.77707225 
    869.14549331 
    886.51391436 
    903.88233541 
    921.25075647 
    938.61917752 
    955.98759857

    782.56261446 
    799.93103551 
    817.29945657 
    834.66787762 
    852.03629867 
    869.40471973 
    886.77314078 
    904.14156183 
    921.50998288 
    938.87840394 
    956.24682499


   1076.22602892 
   1100.13343118 
   1124.04083343 
   1147.94823569 
   1171.85563795 
   1195.76304021 
   1219.67044247 
   1243.57784473 
   1267.48524698 
   1291.39264924 
   1315.30005150

   1076.36662999 
   1100.27403225 
   1124.18143450 
   1148.08883676 
   1171.99623902 
   1195.90364128 
   1219.81104354 
   1243.71844580 
   1267.62584806 
   1291.53325031 
   1315.44065257

   1076.55754230 
   1100.46494456 
   1124.37234682 
   1148.27974908 
   1172.18715134 
   1196.09455359 
   1220.00195585 
   1243.90935811 
   1267.81676037 
   1291.72416263 
   1315.63156489

   1076.81676872 
   1100.72417098 
   1124.63157324 
   1148.53897550 
   1172.44637775 
   1196.35378001 
   1220.26118227 
   1244.16858453 
   1268.07598679 
   1291.98338905 
   1315.89079130


   1170.60507409 
   1196.60978846 
   1222.61450283 
   1248.61921721 
   1274.62393158 
   1300.62864595 
   1326.63336032 
   1352.63807470 
   1378.64278907 
   1404.64750344 
   1430.65221782

   1170.74567516 
   1196.75038953 
   1222.75510390 
   1248.75981828 
   1274.76453265 
   1300.76924702 
   1326.77396139 
   1352.77867577 
   1378.78339014 
   1404.78810451 
   1430.79281889

   1170.93658747 
   1196.94130184 
   1222.94601622 
   1248.95073059 
   1274.95544496 
   1300.96015934 
   1326.96487371 
   1352.96958808 
   1378.97430246 
   1404.97901683 
   1430.98373120

   1171.19581389 
   1197.20052826 
   1223.20524263 
   1249.20995701 
   1275.21467138 
   1301.21938575 
   1327.22410013 
   1353.22881450 
   1379.23352887 
   1405.23824325 
   1431.24295762


   1725.03407562 
   1763.35943447 
   1801.68479332 
   1447.28287944 
   1477.42642011 
   1507.56996078 
   1537.71350145 
   1461.69830467 
   1489.80033116 
   1517.90235765 
   1546.00438413

   1725.17467669 
   1763.50003554 
   1801.82539439 
   1447.42348051 
   1477.56702118 
   1507.71056185 
   1537.85410252 
   1461.83890574 
   1489.94093223 
   1518.04295872 
   1546.14498520

   1725.36558900 
   1763.69094785 
   1802.01630670 
   1447.61439283 
   1477.75793350 
   1507.90147417 
   1433.92779157 
   1462.02981805 
   1490.13184454 
   1518.23387103 
   1546.33589752

   1725.62481542 
   1763.95017427 
   1802.27553312 
   1447.87361925 
   1478.01715992 
   1508.16070059 
   1538.30424126 
   1462.28904447 
   1490.39107096 
   1518.49309745 
   1546.59512394


   1957.56996078 
   2001.06278375 
   2044.55560672 
   2088.04842968 
   2131.54125265 
   2175.03407562 
   2218.52689858 
   2262.01972155 
   2305.51254452 
   2349.00536748 
   2392.49819045

   1957.71056185 
   2001.20338482 
   2044.69620779 
   2088.18903075 
   2131.68185372 
   2175.17467669 
   2218.66749965 
   2262.16032262 
   2305.65314559 
   2349.14596855 
   2392.63879152

   1957.90147417 
   2001.39429714 
   2044.88712010 
   2088.37994307 
   2131.87276603 
   2175.36558900 
   2218.85841197 
   2262.35123493 
   2305.84405790 
   2349.33688087 
   2392.82970383

   1958.16070059 
   2001.65352355 
   2045.14634652 
   2088.63916949 
   2132.13199245 
   2175.62481542 
   2219.11763839 
   2262.61046135 
   2306.10328432 
   2349.59610729 
   2393.08893025



   2484.19488229 
   2539.39048129 
   2594.58608029 
   2649.78167929 
   2704.97727829 
   2760.17287729 
   2815.36847629 
   2870.56407529 
   2925.75967429 
   2980.95527329 
   3036.15087229

   2484.33548336 
   2539.53108236 
   2594.72668136 
   2649.92228036 
   2705.11787936 
   2760.31347836 
   2815.50907736 
   2870.70467636 
   2925.90027536 
   2981.09587436 
   3036.29147336

   2484.52639568 
   2539.72199468 
   2594.91759368 
   2650.11319268 
   2705.30879168 
   2760.50439068 
   2815.69998968 
   2870.89558868 
   2926.09118768 
   2981.28678668 
   3036.48238568

   2484.78562209 
   2539.98122109 
   2595.17682009 
   2650.37241909 
   2705.56801809 
   2760.76361709 
   2815.95921609 
   2871.15481509 
   2926.35041409 
   2981.54601309 
   3036.74161209


    384.91258564 
    393.45746694 
    402.00234823 
    410.54722953 
    419.09211083 
    427.63699212 
    436.18187342 
    444.72675472 
    453.27163601 
    461.81651731 
    470.36139861

    385.05318671 
    393.59806801 
    402.14294930 
    410.68783060 
    419.23271190 
    427.77759319 
    436.32247449 
    444.86735579 
    453.41223708 
    461.95711838 
    470.50199968

    385.24409903 
    393.78898032 
    402.33386162 
    410.87874291 
    419.42362421 
    427.96850551 
    436.51338680 
    445.05826810 
    453.60314940 
    462.14803069 
    470.69291199

    385.50332544 
    394.04820674 
    402.59308804 
    411.13796933 
    419.68285063 
    428.22773193 
    436.77261322 
    445.31749452 
    453.86237582 
    462.40725711 
    470.95213841


   1353.81210717 
   1383.88808895 
   1413.96407072 
   1444.04005250 
   1474.11603427 
   1504.19201605 
   1534.26799782 
   1564.34397960 
   1594.41996137 
   1624.49594315 
   1654.57192492

   1353.95270824 
   1384.02869002 
   1414.10467179 
   1444.18065357 
   1474.25663534 
   1504.33261712 
   1534.40859889 
   1564.48458067 
   1594.56056244 
   1624.63654422 
   1654.71252599

   1354.14362056 
   1384.21960233 
   1414.29558411 
   1444.37156588 
   1474.44754766 
   1504.52352943 
   1534.59951121 
   1564.67549298 
   1594.75147476 
   1624.82745653 
   1654.90343831

   1354.40284697 
   1384.47882875 
   1414.55481052 
   1444.63079230 
   1474.70677407 
   1504.78275585 
   1534.85873762 
   1564.93471940 
   1595.01070118 
   1625.08668295 
   1655.16266473


    359.75026507 
    367.73598368 
    375.72170230 
    383.70742092 
    391.69313954 
    399.67885815 
    407.66457677 
    415.65029539 
    423.63601400 
    431.62173262 
    439.60745124

    359.89086614 
    367.87658475 
    375.86230337 
    383.84802199 
    391.83374061 
    399.81945922 
    407.80517784 
    415.79089646 
    423.77661507 
    431.76233369 
    439.74805231

    360.08177845 
    368.06749707 
    376.05321569 
    384.03893430 
    392.02465292 
    400.01037154 
    407.99609015 
    415.98180877 
    423.96752739 
    431.95324601 
    439.93896462

    360.34100487 
    368.32672349 
    376.31244210 
    384.29816072 
    392.28387934 
    400.26959796 
    408.25531657 
    416.24103519 
    424.22675381 
    432.21247242 
    440.19819104


    592.28615023 
    605.43933297 
    618.59251570 
    631.74569843 
    644.89888116 
    658.05206389 
    671.20524663 
    684.35842936 
    697.51161209 
    710.66479482 
    723.81797755

    592.42675130 
    605.57993404 
    618.73311677 
    631.88629950 
    645.03948223 
    658.19266496 
    671.34584770 
    684.49903043 
    697.65221316 
    710.80539589 
    723.95857862

    592.61766362 
    605.77084635 
    618.92402908 
    632.07721181 
    645.23039455 
    658.38357728 
    671.53676001 
    684.68994274 
    697.84312547 
    710.99630821 
    724.14949094

    592.87689004 
    606.03007277 
    619.18325550 
    632.33643823 
    645.48962096 
    658.64280370 
    671.79598643 
    684.94916916 
    698.10235189 
    711.25553462 
    724.40871736


    748.38346449 
    765.00547643 
    781.62748837 
    798.24950031 
    814.87151224 
    831.49352418 
    848.11553612 
    864.73754806 
    881.35955999 
    897.98157193 
    914.60358387

    748.52406556 
    765.14607750 
    781.76808944 
    798.39010138 
    815.01211331 
    831.63412525 
    848.25613719 
    864.87814913 
    881.50016106 
    898.12217300 
    914.74418494

    748.71497788 
    765.33698981 
    781.95900175 
    798.58101369 
    815.20302563 
    831.82503757 
    848.44704950 
    865.06906144 
    881.69107338 
    898.31308532 
    914.93509725

    748.97420429 
    765.59621623 
    782.21822817 
    798.84024011 
    815.46225205 
    832.08426398 
    848.70627592 
    865.32828786 
    881.95029980 
    898.57231173 
    915.19432367


    842.76250966 
    861.48183371 
    880.20115776 
    898.92048182 
    917.63980587 
    936.35912992 
    955.07845398 
    973.79777803 
    992.51710208 
   1011.23642613 
   1029.95575019

    842.90311073 
    861.62243478 
    880.34175884 
    899.06108289 
    917.78040694 
    936.49973099 
    955.21905505 
    973.93837910 
    992.65770315 
   1011.37702720 
   1030.09635126

    843.09402304 
    861.81334710 
    880.53267115 
    899.25199520 
    917.97131925 
    936.69064331 
    955.40996736 
    974.12929141 
    992.84861547 
   1011.56793952 
   1030.28726357

    843.35324946 
    862.07257351 
    880.79189757 
    899.51122162 
    918.23054567 
    936.94986973 
    955.66919378 
    974.38851783 
    993.10784188 
   1011.82716594 
   1030.54648999


   1903.53016937 
   1945.82210809 
   1988.11404680 
   2030.40598551 
   2072.69792422 
   2114.98986294 
   2157.28180165 
   2199.57374036 
   2241.86567908 
   2284.15761779 
   2326.44955650

   1903.67077044 
   1945.96270916 
   1988.25464787 
   2030.54658658 
   2072.83852529 
   2115.13046401 
   2157.42240272 
   2199.71434143 
   2242.00628015 
   2284.29821886 
   2326.59015757

   1903.86168276 
   1946.15362147 
   1988.44556018 
   2030.73749890 
   2073.02943761 
   2115.32137632 
   2157.61331503 
   2199.90525375 
   2242.19719246 
   2284.48913117 
   2326.78106989

   1904.12090918 
   1946.41284789 
   1988.70478660 
   2030.99672531 
   2073.28866403 
   2115.58060274 
   2157.87254145 
   2200.16448017 
   2242.45641888 
   2284.74835759 
   2327.04029630


   1024.16044909 
   1046.91083846 
   1069.66122783 
   1092.41161721 
   2325.90366585 
   2373.36306868 
   2420.82247151 
   2468.28187433 
   2515.74127716 
   2563.20067999 
   2610.66008282

   1024.30105016 
   1047.05143953 
   1069.80182890 
   1092.55221828 
   1115.30260765 
   2373.50366975 
   2420.96307258 
   2468.42247540 
   2515.88187823 
   2563.34128106 
   2610.80068389

   1024.49196247 
   1047.24235184 
   1069.99274122 
   2278.77577641 
   2326.23517924 
   2373.69458206 
   2421.15398489 
   2468.61338772 
   2516.07279055 
   2563.53219337 
   2610.99159620

   1024.75118889 
   1047.50157826 
   1070.25196763 
   2279.03500283 
   2326.49440565 
   2373.95380848 
   2421.41321131 
   2468.87261414 
   2516.33201696 
   2563.79141979 
   2611.25082262


   1555.79973243 
   1590.36432810 
   1624.92892377 
   1659.49351944 
   1694.05811511 
   1728.62271078 
   1763.18730645 
   1797.75190212 
   1832.31649779 
   1866.88109346 
   1901.44568913

   1555.94033350 
   1590.50492917 
   1625.06952484 
   1659.63412051 
   1694.19871618 
   1728.76331185 
   1763.32790752 
   1797.89250319 
   1832.45709886 
   1867.02169453 
   1901.58629020

   1556.13124582 
   1590.69584149 
   1625.26043716 
   1659.82503283 
   1694.38962850 
   1728.95422417 
   1763.51881984 
   1798.08341551 
   1832.64801118 
   1867.21260685 
   1901.77720252

   1556.39047224 
   1590.95506791 
   1625.51966358 
   1660.08425925 
   1694.64885492 
   1729.21345059 
   1763.77804626 
   1798.34264193 
   1832.90723760 
   1867.47183327 
   1902.03642894


   1742.04691578 
   1780.75033775 
   1819.45375972 
   1858.15718168 
   1896.86060365 
   1935.56402562 
   1974.26744758 
   2012.97086955 
   2051.67429152 
   2090.37771348 
   2129.08113545

   1742.18751685 
   1780.89093882 
   1819.59436079 
   1858.29778275 
   1897.00120472 
   1935.70462669 
   1974.40804865 
   2013.11147062 
   2051.81489259 
   2090.51831455 
   2129.22173652

   1742.37842917 
   1781.08185114 
   1819.78527310 
   1858.48869507 
   1897.19211703 
   1935.89553900 
   1974.59896097 
   2013.30238293 
   2052.00580490 
   2090.70922687 
   2129.41264883

   1742.63765559 
   1781.34107755 
   1820.04449952 
   1858.74792149 
   1897.45134345 
   1936.15476542 
   1974.85818739 
   2013.56160935 
   2052.26503132 
   2090.96845329 
   2129.67187525



   1900.49001911 
   1942.71439893 
   1984.93877875 
   2027.16315856 
   2069.38753838 
   2111.61191820 
   2153.83629802 
   2196.06067784 
   2238.28505765 
   2280.50943747 
   2322.73381729

   1900.63062018 
   1942.85500000 
   1985.07937982 
   2027.30375963 
   2069.52813945 
   2111.75251927 
   2153.97689909 
   2196.20127891 
   2238.42565872 
   2280.65003854 
   2322.87441836

   1900.82153249 
   1943.04591231 
   1985.27029213 
   2027.49467195 
   2069.71905177 
   2111.94343158 
   2154.16781140 
   2196.39219122 
   2238.61657104 
   2280.84095086 
   2323.06533068

   1901.08075891 
   1943.30513873 
   1985.52951855 
   2027.75389837 
   2069.97827818 
   2112.20265800 
   2154.42703782 
   2196.65141764 
   2238.87579746 
   2281.10017728 
   2323.32455709


    170.06454064 
    173.83502094 
    177.60550123 
    181.37598153 
    185.14646183 
    188.91694212 
    192.68742242 
    196.45790272 
    200.22838301 
    203.99886331 
    207.76934361

    170.20514171 
    173.97562201 
    177.74610230 
    181.51658260 
    185.28706290 
    189.05754319 
    192.82802349 
    196.59850379 
    200.36898408 
    204.13946438 
    207.90994468

    170.39605403 
    174.16653432 
    177.93701462 
    181.70749491 
    185.47797521 
    189.24845551 
    193.01893580 
    196.78941610 
    200.55989640 
    204.33037669 
    208.10085699

    170.65528044 
    174.42576074 
    178.19624104 
    181.96672133 
    185.73720163 
    189.50768193 
    193.27816222 
    197.04864252 
    200.81912282 
    204.58960311 
    208.36008341


    770.10724399 
    787.21200658 
    804.31676918 
    821.42153177 
    838.52629436 
    855.63105696 
    872.73581955 
    889.84058214 
    906.94534474 
    924.05010733 
    941.15486992

    770.24784506 
    787.35260765 
    804.45737025 
    821.56213284 
    838.66689543 
    855.77165803 
    872.87642062 
    889.98118321 
    907.08594581 
    924.19070840 
    941.29547099

    770.43875737 
    787.54351997 
    804.64828256 
    821.75304515 
    838.85780775 
    855.96257034 
    873.06733293 
    890.17209553 
    907.27685812 
    924.38162071 
    941.48638331

    770.69798379 
    787.80274639 
    804.90750898 
    822.01227157 
    839.11703417 
    856.22179676 
    873.32655935 
    890.43132195 
    907.53608454 
    924.64084713 
    941.74560973


    144.22722007 
    147.42353768 
    150.61985530 
    153.81617292 
    157.01249054 
    160.20880815 
    163.40512577 
    166.60144339 
    169.79776100 
    172.99407862 
    176.19039624

    144.36782114 
    147.56413875 
    150.76045637 
    153.95677399 
    157.15309161 
    160.34940922 
    163.54572684 
    166.74204446 
    169.93836207 
    173.13467969 
    176.33099731

    144.55873345 
    147.75505107 
    150.95136869 
    154.14768630 
    157.34400392 
    160.54032154 
    163.73663915 
    166.93295677 
    170.12927439 
    173.32559201 
    176.52190962

    144.81795987 
    148.01427749 
    151.21059510 
    154.40691272 
    157.60323034 
    160.79954796 
    163.99586557 
    167.19218319 
    170.38850081 
    173.58481842 
    176.78113604


    604.19828969 
    617.61087343 
    631.02345716 
    644.43604089 
    657.84862462 
    671.26120835 
    684.67379209 
    698.08637582 
    711.49895955 
    724.91154328 
    738.32412702

    604.42444587 
    617.83702961 
    631.24961334 
    644.66219707 
    658.07478080 
    671.48736453 
    684.89994827 
    698.31253200 
    711.72511573 
    725.13769946 
    738.55028319

    604.73152746 
    618.14411119 
    631.55669492 
    644.96927865 
    658.38186239 
    671.79444612 
    685.20702985 
    698.61961358 
    712.03219731 
    725.44478105 
    738.85736478

    605.14849197 
    618.56107570 
    631.97365943 
    645.38624316 
    658.79882690 
    672.21141063 
    685.62399436 
    699.03657809 
    712.44916182 
    725.86174556 
    739.27432929


   1573.09781123 
   1608.04149544 
   1642.98517965 
   1677.92886386 
   1712.87254807 
   1747.81623228 
   1782.75991649 
   1817.70360070 
   1852.64728491 
   1887.59096912 
   1922.53465333

   1573.32396740 
   1608.26765161 
   1643.21133583 
   1678.15502004 
   1713.09870425 
   1748.04238846 
   1782.98607267 
   1817.92975688 
   1852.87344109 
   1887.81712530 
   1922.76080951

   1573.63104899 
   1608.57473320 
   1643.51841741 
   1678.46210162 
   1713.40578583 
   1748.34947004 
   1783.29315425 
   1818.23683846 
   1853.18052267 
   1888.12420688 
   1923.06789109

   1574.04801350 
   1608.99169771 
   1643.93538192 
   1678.87906613 
   1713.82275034 
   1748.76643455 
   1783.71011876 
   1818.65380297 
   1853.59748718 
   1888.54117139 
   1923.48485560


    696.31788466 
    711.78288371 
    727.24788276 
    742.71288182 
    758.17788087 
    773.64287992 
    789.10787898 
    804.57287803 
    820.03787708 
    835.50287613 
    850.96787519

    696.45848573 
    711.92348478 
    727.38848384 
    742.85348289 
    758.31848194 
    773.78348099 
    789.24848005 
    804.71347910 
    820.17847815 
    835.64347720 
    851.10847626

    696.64939804 
    712.11439710 
    727.57939615 
    743.04439520 
    758.50939425 
    773.97439331 
    789.43939236 
    804.90439141 
    820.36939047 
    835.83438952 
    851.29938857

    696.90862446 
    712.37362351 
    727.83862257 
    743.30362162 
    758.76862067 
    774.23361973 
    789.69861878 
    805.16361783 
    820.62861688 
    836.09361594 
    851.55861499


   1319.82530619 
   1349.14602572 
   1378.46674525 
   1407.78746478 
   1437.10818432 
   1466.42890385 
   1495.74962338 
   1525.07034291 
   1554.39106244 
   1583.71178197 
   1613.03250150

   1319.96590726 
   1349.28662679 
   1378.60734632 
   1407.92806585 
   1437.24878539 
   1466.56950492 
   1495.89022445 
   1525.21094398 
   1554.53166351 
   1583.85238304 
   1613.17310257

   1320.15681958 
   1349.47753911 
   1378.79825864 
   1408.11897817 
   1437.43969770 
   1466.76041723 
   1496.08113676 
   1525.40185629 
   1554.72257582 
   1584.04329536 
   1613.36401489

   1320.41604599 
   1349.73676552 
   1379.05748506 
   1408.37820459 
   1437.69892412 
   1467.01964365 
   1496.34036318 
   1525.66108271 
   1554.98180224 
   1584.30252177 
   1613.62324130


   1920.54300954 
   1963.21301137 
   2005.88301320 
   2048.55301502 
   2091.22301685 
   1724.80210959 
   1759.29029323 
   1793.77847688 
   1828.26666053 
   1862.75484417 
   1897.24302782

   1920.68361061 
   1963.35361244 
   2006.02361427 
   2048.69361609 
   2091.36361792 
   1724.94271066 
   1759.43089430 
   1793.91907795 
   1828.40726160 
   1862.89544524 
   1897.38362889

   1920.87452292 
   1963.54452475 
   2006.21452658 
   2048.88452841 
   2091.55453024 
   2134.22453206 
   1759.62180662 
   1794.10999026 
   1828.59817391 
   1863.08635756 
   1897.57454120

   1921.13374934 
   1963.80375117 
   2006.47375300 
   2049.14375483 
   2091.81375665 
   2134.48375848 
   1759.88103304 
   1794.36921668 
   1828.85740033 
   1863.34558397 
   1897.83376762


   1409.35510743 
   1440.66537810 
   1471.97564877 
   1503.28591944 
   1534.59619011 
   1565.90646078 
   1597.21673145 
   1628.52700212 
   1659.83727279 
   1691.14754346 
   1722.45781413

   1409.49570850 
   1440.80597917 
   1472.11624984 
   1503.42652051 
   1534.73679118 
   1566.04706185 
   1597.35733252 
   1628.66760319 
   1659.97787386 
   1691.28814453 
   1722.59841520

   1409.68662082 
   1440.99689149 
   1472.30716216 
   1503.61743283 
   1534.92770350 
   1566.23797417 
   1597.54824484 
   1628.85851551 
   1660.16878618 
   1691.47905685 
   1722.78932752

   1409.94584724 
   1441.25611791 
   1472.56638858 
   1503.87665925 
   1535.18692992 
   1566.49720059 
   1597.80747126 
   1629.11774193 
   1660.42801260 
   1691.73828327 
   1723.04855394


   1503.73415260 
   1537.14173539 
   1570.54931817 
   1603.95690096 
   1637.36448374 
   1670.77206653 
   1704.17964931 
   1737.58723210 
   1770.99481488 
   1804.40239766 
   1837.80998045

   1503.87475367 
   1537.28233646 
   1570.68991924 
   1604.09750203 
   1637.50508481 
   1670.91266760 
   1704.32025038 
   1737.72783317 
   1771.13541595 
   1804.54299873 
   1837.95058152

   1504.06566599 
   1537.47324877 
   1570.88083156 
   1604.28841434 
   1637.69599713 
   1671.10357991 
   1704.51116269 
   1737.91874548 
   1771.32632826 
   1804.73391105 
   1838.14149383

   1504.32489240 
   1537.73247519 
   1571.14005797 
   1604.54764076 
   1637.95522354 
   1671.36280633 
   1704.77038911 
   1738.17797190 
   1771.58555468 
   1804.99313747 
   1838.40072025



   1316.78515593 
   1346.03831656 
   1375.29147720 
   1404.54463784 
   1433.79779847 
   1463.05095911 
   1492.30411975 
   1521.55728038 
   1550.81044102 
   1580.06360165 
   1609.31676229

   1316.92575700 
   1346.17891763 
   1375.43207827 
   1404.68523891 
   1433.93839954 
   1463.19156018 
   1492.44472082 
   1521.69788145 
   1550.95104209 
   1580.20420272 
   1609.45736336

   1317.11666931 
   1346.36982995 
   1375.62299058 
   1404.87615122 
   1434.12931186 
   1463.38247249 
   1492.63563313 
   1521.88879377 
   1551.14195440 
   1580.39511504 
   1609.64827568

   1317.37589573 
   1346.62905637 
   1375.88221700 
   1405.13537764 
   1434.38853828 
   1463.64169891 
   1492.89485955 
   1522.14802018 
   1551.40118082 
   1580.65434146 
   1609.90750209


     92.69833564 
     94.74956694 
     96.80079823 
     98.85202953 
    100.90326083 
    102.95449212 
    105.00572342 
    107.05695472 
    109.10818601 
    111.15941731 
    113.21064861

     92.83893671 
     94.89016801 
     96.94139930 
     98.99263060 
    101.04386190 
    103.09509319 
    105.14632449 
    107.19755579 
    109.24878708 
    111.30001838 
    113.35124968

     93.02984903 
     95.08108032 
     97.13231162 
     99.18354291 
    101.23477421 
    103.28600551 
    105.33723680 
    107.38846810 
    109.43969940 
    111.49093069 
    113.54216199

     93.28907544 
     95.34030674 
     97.39153804 
     99.44276933 
    101.49400063 
    103.54523193 
    105.59646322 
    107.64769452 
    109.69892582 
    111.75015711 
    113.80138841


    186.40238081 
    190.53592422 
    194.66946763 
    198.80301104 
    202.93655445 
    207.07009787 
    211.20364128 
    215.33718469 
    219.47072810 
    223.60427151 
    227.73781492

    186.54298188 
    190.67652529 
    194.81006870 
    198.94361211 
    203.07715552 
    207.21069894 
    211.34424235 
    215.47778576 
    219.61132917 
    223.74487258 
    227.87841599

    186.73389419 
    190.86743760 
    195.00098102 
    199.13452443 
    203.26806784 
    207.40161125 
    211.53515466 
    215.66869807 
    219.80224148 
    223.93578490 
    228.06932831

    186.99312061 
    191.12666402 
    195.26020743 
    199.39375085 
    203.52729426 
    207.66083767 
    211.79438108 
    215.92792449 
    220.06146790 
    224.19501131 
    228.32855473


   1155.30190234 
   1180.96654623 
   1206.63119012 
   1232.29583401 
   1257.96047790 
   1283.62512179 
   1309.28976568 
   1334.95440957 
   1360.61905346 
   1386.28369735 
   1411.94834124

   1155.44250341 
   1181.10714730 
   1206.77179119 
   1232.43643508 
   1258.10107897 
   1283.76572286 
   1309.43036675 
   1335.09501064 
   1360.75965453 
   1386.42429842 
   1412.08894231

   1155.63341572 
   1181.29805961 
   1206.96270350 
   1232.62734739 
   1258.29199128 
   1283.95663517 
   1309.62127906 
   1335.28592295 
   1360.95056684 
   1386.61521073 
   1412.27985462

   1155.89264214 
   1181.55728603 
   1207.22192992 
   1232.88657381 
   1258.55121770 
   1284.21586159 
   1309.88050548 
   1335.54514937 
   1361.20979326 
   1386.87443715 
   1412.53908104


    502.27328969 
    513.42087343 
    524.56845716 
    535.71604089 
    546.86362462 
    558.01120835 
    569.15879209 
    580.30637582 
    591.45395955 
    602.60154328 
    613.74912702

    502.49944587 
    513.64702961 
    524.79461334 
    535.94219707 
    547.08978080 
    558.23736453 
    569.38494827 
    580.53253200 
    591.68011573 
    602.82769946 
    613.97528319

    502.80652746 
    513.95411119 
    525.10169492 
    536.24927865 
    547.39686239 
    558.54444612 
    569.69202985 
    580.83961358 
    591.98719731 
    603.13478105 
    614.28236478

    503.22349197 
    514.37107570 
    525.51865943 
    536.66624316 
    547.81382690 
    558.96141063 
    570.10899436 
    581.25657809 
    592.40416182 
    603.55174556 
    614.69932929


   1471.17281123 
   1503.85149544 
   1536.53017965 
   1569.20886386 
   1601.88754807 
   1634.56623228 
   1667.24491649 
   1699.92360070 
   1732.60228491 
   1765.28096912 
   1797.95965333

   1471.39896740 
   1504.07765161 
   1536.75633583 
   1569.43502004 
   1602.11370425 
   1634.79238846 
   1667.47107267 
   1700.14975688 
   1732.82844109 
   1765.50712530 
   1798.18580951

   1471.70604899 
   1504.38473320 
   1537.06341741 
   1569.74210162 
   1602.42078583 
   1635.09947004 
   1667.77815425 
   1700.45683846 
   1733.13552267 
   1765.81420688 
   1798.49289109

   1472.12301350 
   1504.80169771 
   1537.48038192 
   1570.15906613 
   1602.83775034 
   1635.51643455 
   1668.19511876 
   1700.87380297 
   1733.55248718 
   1766.23117139 
   1798.90985560


   2440.07233276 
   2494.28211745 
   2548.49190213 
   2602.70168682 
   2656.91147151 
   2711.12125620 
   2765.33104089 
   2819.54082558 
   2873.75061027 
   2927.96039496 
   2982.17017965

   2440.29848894 
   2494.50827362 
   2548.71805831 
   2602.92784300 
   2657.13762769 
   2711.34741238 
   2765.55719707 
   2819.76698176 
   2873.97676645 
   2928.18655114 
   2982.39633583

   2440.60557052 
   2494.81535521 
   2549.02513990 
   2603.23492459 
   2657.44470928 
   2711.65449397 
   2765.86427865 
   2820.07406334 
   2874.28384803 
   2928.49363272 
   2982.70341741

   2441.02253503 
   2495.23231972 
   2549.44210441 
   2603.65188910 
   2657.86167379 
   2712.07145847 
   2766.28124316 
   2820.49102785 
   2874.70081254 
   2928.91059723 
   2983.12038192


   3408.97185429 
   3484.71273946 
   3560.45362462 
   3636.19450979 
   3711.93539496 
   3787.67628013 
   3863.41716529 
   3939.15805046 
   4014.89893563 
   4090.63982080 
   4166.38070596

   3409.19801047 
   3484.93889563 
   3560.67978080 
   3636.42066597 
   3712.16155114 
   3787.90243630 
   3863.64332147 
   3939.38420664 
   4015.12509181 
   4090.86597697 
   4166.60686214

   3409.50509205 
   3485.24597722 
   3560.98686239 
   3636.72774755 
   3712.46863272 
   3788.20951789 
   3863.95040306 
   3939.69128822 
   4015.43217339 
   4091.17305856 
   4166.91394373

   3409.92205656 
   3485.66294173 
   3561.40382690 
   3637.14471206 
   3712.88559723 
   3788.62648240 
   3864.36736757 
   3940.10825273 
   4015.84913790 
   4091.59002307 
   4167.33090824


   1613.15182636 
   1648.99091300 
   1684.82999965 
   1720.66908630 
   1756.50817294 
   1792.34725959 
   1828.18634623 
   1864.02543288 
   1899.86451953 
   1935.70360617 
   1971.54269282

   1613.29242743 
   1649.13151407 
   1684.97060072 
   1720.80968737 
   1756.64877401 
   1792.48786066 
   1828.32694730 
   1864.16603395 
   1900.00512060 
   1935.84420724 
   1971.68329389

   1613.48333974 
   1649.32242639 
   1685.16151303 
   1721.00059968 
   1756.83968633 
   1792.67877297 
   1828.51785962 
   1864.35694626 
   1900.19603291 
   1936.03511956 
   1971.87420620

   1613.74256616 
   1649.58165281 
   1685.42073945 
   1721.25982610 
   1757.09891274 
   1792.93799939 
   1828.77708604 
   1864.61617268 
   1900.45525933 
   1936.29434597 
   1972.13343262


   2305.73766789 
   2356.96755101 
   2408.19743414 
   2459.42731726 
   2510.65720039 
   2561.88708351 
   2613.11696664 
   2664.34684976 
   2715.57673288 
   2766.80661601 
   2818.03649913

   2305.87826896 
   2357.10815208 
   2408.33803521 
   2459.56791833 
   2510.79780146 
   2562.02768458 
   2613.25756771 
   2664.48745083 
   2715.71733395 
   2766.94721708 
   2818.17710020

   2306.06918127 
   2357.29906440 
   2408.52894752 
   2459.75883065 
   2510.98871377 
   2562.21859690 
   2613.44848002 
   2664.67836314 
   2715.90824627 
   2767.13812939 
   2818.36801252

   2306.32840769 
   2357.55829082 
   2408.78817394 
   2460.01805707 
   2511.24794019 
   2562.47782331 
   2613.70770644 
   2664.93758956 
   2716.16747269 
   2767.39735581 
   2818.62723894


   1357.28952760 
   1387.44278539 
   1417.59604317 
   1447.74930096 
   1477.90255874 
   1508.05581653 
   1538.20907431 
   1568.36233210 
   1598.51558988 
   1628.66884766 
   1658.82210545

   1357.43012867 
   1387.58338646 
   1417.73664424 
   1447.88990203 
   1478.04315981 
   1508.19641760 
   1538.34967538 
   1568.50293317 
   1598.65619095 
   1628.80944873 
   1658.96270652

   1357.62104099 
   1387.77429877 
   1417.92755656 
   1448.08081434 
   1478.23407213 
   1508.38732991 
   1538.54058769 
   1568.69384548 
   1598.84710326 
   1629.00036105 
   1659.15361883

   1357.88026740 
   1388.03352519 
   1418.18678297 
   1448.34004076 
   1478.49329854 
   1508.64655633 
   1538.79981411 
   1568.95307190 
   1599.10632968 
   1629.25958747 
   1659.41284525



    733.08029275 
    749.36223420 
    765.64417565 
    781.92611711 
    798.20805856 
    814.49000002 
    830.77194147 
    847.05388293 
    863.33582438 
    879.61776584 
    895.89970729

    733.22089382 
    749.50283527 
    765.78477672 
    782.06671818 
    798.34865963 
    814.63060109 
    830.91254254 
    847.19448400 
    863.47642545 
    879.75836691 
    896.04030836

    733.41180613 
    749.69374758 
    765.97568904 
    782.25763049 
    798.53957195 
    814.82151340 
    831.10345486 
    847.38539631 
    863.66733777 
    879.94927922 
    896.23122068

    733.67103255 
    749.95297400 
    766.23491546 
    782.51685691 
    798.79879837 
    815.08073982 
    831.36268128 
    847.64462273 
    863.92656418 
    880.20850564 
    896.49044709


   1701.97981428 
   1739.79285621 
   1777.60589814 
   1815.41894008 
   1853.23198201 
   1891.04502394 
   1928.85806587 
   1966.67110781 
   2004.48414974 
   2042.29719167 
   2080.11023361

   1702.12041535 
   1739.93345728 
   1777.74649921 
   1815.55954115 
   1853.37258308 
   1891.18562501 
   1928.99866695 
   1966.81170888 
   2004.62475081 
   2042.43779274 
   2080.25083468

   1702.31132766 
   1740.12436959 
   1777.93741153 
   1815.75045346 
   1853.56349539 
   1891.37653733 
   1929.18957926 
   1967.00262119 
   2004.81566313 
   2042.62870506 
   2080.44174699

   1702.57055408 
   1740.38359601 
   1778.19663795 
   1816.00967988 
   1853.82272181 
   1891.63576374 
   1929.44880568 
   1967.26184761 
   2005.07488954 
   2042.88793148 
   2080.70097341


     40.63275581 
     41.52697422 
     42.42119263 
     43.31541104 
     44.20962945 
     45.10384787 
     45.99806628 
     46.89228469 
     47.78650310 
     48.68072151 
     49.57493992

     40.77335688 
     41.66757529 
     42.56179370 
     43.45601211 
     44.35023052 
     45.24444894 
     46.13866735 
     47.03288576 
     47.92710417 
     48.82132258 
     49.71554099

     40.96426919 
     41.85848760 
     42.75270602 
     43.64692443 
     44.54114284 
     45.43536125 
     46.32957966 
     47.22379807 
     48.11801648 
     49.01223490 
     49.90645331

     41.22349561 
     42.11771402 
     43.01193243 
     43.90615085 
     44.80036926 
     45.69458767 
     46.58880608 
     47.48302449 
     48.37724290 
     49.27146131 
     50.16567973


    940.45385734 
    961.34410023 
    982.23434312 
   1003.12458601 
   1024.01482890 
   1044.90507179 
   1065.79531468 
   1086.68555757 
   1107.57580046 
   1128.46604335 
   1149.35628624

    940.59445841 
    961.48470130 
    982.37494419 
   1003.26518708 
   1024.15542997 
   1045.04567286 
   1065.93591575 
   1086.82615864 
   1107.71640153 
   1128.60664442 
   1149.49688731

    940.78537072 
    961.67561361 
    982.56585650 
   1003.45609939 
   1024.34634228 
   1045.23658517 
   1066.12682806 
   1087.01707095 
   1107.90731384 
   1128.79755673 
   1149.68779962

    941.04459714 
    961.93484003 
    982.82508292 
   1003.71532581 
   1024.60556870 
   1045.49581159 
   1066.38605448 
   1087.27629737 
   1108.16654026 
   1129.05678315 
   1149.94702604


    400.34828969 
    409.23087343 
    418.11345716 
    426.99604089 
    435.87862462 
    444.76120835 
    453.64379209 
    462.52637582 
    471.40895955 
    480.29154328 
    489.17412702

    400.57444587 
    409.45702961 
    418.33961334 
    427.22219707 
    436.10478080 
    444.98736453 
    453.86994827 
    462.75253200 
    471.63511573 
    480.51769946 
    489.40028319

    400.88152746 
    409.76411119 
    418.64669492 
    427.52927865 
    436.41186239 
    445.29444612 
    454.17702985 
    463.05961358 
    471.94219731 
    480.82478105 
    489.70736478

    401.29849197 
    410.18107570 
    419.06365943 
    427.94624316 
    436.82882690 
    445.71141063 
    454.59399436 
    463.47657809 
    472.35916182 
    481.24174556 
    490.12432929


   1369.24781123 
   1399.66149544 
   1430.07517965 
   1460.48886386 
   1490.90254807 
   1521.31623228 
   1551.72991649 
   1582.14360070 
   1612.55728491 
   1642.97096912 
   1673.38465333

   1369.47396740 
   1399.88765161 
   1430.30133583 
   1460.71502004 
   1491.12870425 
   1521.54238846 
   1551.95607267 
   1582.36975688 
   1612.78344109 
   1643.19712530 
   1673.61080951

   1369.78104899 
   1400.19473320 
   1430.60841741 
   1461.02210162 
   1491.43578583 
   1521.84947004 
   1552.26315425 
   1582.67683846 
   1613.09052267 
   1643.50420688 
   1673.91789109

   1370.19801350 
   1400.61169771 
   1431.02538192 
   1461.43906613 
   1491.85275034 
   1522.26643455 
   1552.68011876 
   1583.09380297 
   1613.50748718 
   1643.92117139 
   1674.33485560


   2338.14733276 
   2390.09211745 
   2442.03690213 
   2493.98168682 
   2545.92647151 
   2597.87125620 
   2649.81604089 
   2701.76082558 
   2753.70561027 
   2805.65039496 
   2857.59517965

   2338.37348894 
   2390.31827362 
   2442.26305831 
   2494.20784300 
   2546.15262769 
   2598.09741238 
   2650.04219707 
   2701.98698176 
   2753.93176645 
   2805.87655114 
   2857.82133583

   2338.68057052 
   2390.62535521 
   2442.57013990 
   2494.51492459 
   2546.45970928 
   2598.40449397 
   2650.34927865 
   2702.29406334 
   2754.23884803 
   2806.18363272 
   2858.12841741

   2339.09753503 
   2391.04231972 
   2442.98710441 
   2494.93188910 
   2546.87667379 
   2598.82145847 
   2650.76624316 
   2702.71102785 
   2754.65581254 
   2806.60059723 
   2858.54538192


   3307.04685429 
   3380.52273946 
   3453.99862462 
   3527.47450979 
   3600.95039496 
   3674.42628013 
   3747.90216529 
   3821.37805046 
   3894.85393563 
   3968.32982080 
   4041.80570596

   3307.27301047 
   3380.74889563 
   3454.22478080 
   3527.70066597 
   3601.17655114 
   3674.65243630 
   3748.12832147 
   3821.60420664 
   3895.08009181 
   3968.55597697 
   4042.03186214

   3307.58009205 
   3381.05597722 
   3454.53186239 
   3528.00774755 
   3601.48363272 
   3674.95951789 
   3748.43540306 
   3821.91128822 
   3895.38717339 
   3968.86305856 
   4042.33894373

   3307.99705656 
   3381.47294173 
   3454.94882690 
   3528.42471206 
   3601.90059723 
   3675.37648240 
   3748.85236757 
   3822.32825273 
   3895.80413790 
   3969.28002307 
   4042.75590824


   1207.76455764 
   1234.58972510 
   1261.41489257 
   1288.24006003 
   1315.06522749 
   1341.89039496 
   1368.71556242 
   1395.54072989 
   1422.36589735 
   1449.19106481 
   1476.01623228

   1207.99071382 
   1234.81588128 
   1261.64104874 
   1288.46621621 
   1315.29138367 
   1342.11655114 
   1368.94171860 
   1395.76688606 
   1422.59205353 
   1449.41722099 
   1476.24238846

   1208.29779540 
   1235.12296287 
   1261.94813033 
   1288.77329779 
   1315.59846526 
   1342.42363272 
   1369.24880019 
   1396.07396765 
   1422.89913511 
   1449.72430258 
   1476.54947004

   1208.71475991 
   1235.53992737 
   1262.36509484 
   1289.19026230 
   1316.01542977 
   1342.84059723 
   1369.66576469 
   1396.49093216 
   1423.31609962 
   1450.14126709 
   1476.96643455


   2176.66407917 
   2225.02034711 
   2273.37661505 
   2321.73288300 
   2370.08915094 
   2418.44541888 
   2466.80168682 
   2515.15795477 
   2563.51422271 
   2611.87049065 
   2660.22675859

   2176.89023535 
   2225.24650329 
   2273.60277123 
   2321.95903917 
   2370.31530712 
   2418.67157506 
   2467.02784300 
   2515.38411095 
   2563.74037889 
   2612.09664683 
   2660.45291477

   2177.19731693 
   2225.55358487 
   2273.90985282 
   2322.26612076 
   2370.62238870 
   2418.97865665 
   2467.33492459 
   2515.69119253 
   2564.04746047 
   2612.40372842 
   2660.75999636

   2177.61428144 
   2225.97054938 
   2274.32681733 
   2322.68308527 
   2371.03935321 
   2419.39562115 
   2467.75188910 
   2516.10815704 
   2564.46442498 
   2612.82069292 
   2661.17696087


   3145.56360070 
   3215.45096912 
   3285.33833754 
   3355.22570596 
   3425.11307438 
   3495.00044280 
   3564.88781123 
   3634.77517965 
   3704.66254807 
   3774.54991649 
   3844.43728491

   3145.78975688 
   3215.67712530 
   3285.56449372 
   3355.45186214 
   3425.33923056 
   3495.22659898 
   3565.11396740 
   3635.00133583 
   3704.88870425 
   3774.77607267 
   3844.66344109

   3146.09683846 
   3215.98420688 
   3285.87157531 
   3355.75894373 
   3425.64631215 
   3495.53368057 
   3565.42104899 
   3635.30841741 
   3705.19578583 
   3775.08315425 
   3844.97052267

   3146.51380297 
   3216.40117139 
   3286.28853981 
   3356.17590824 
   3426.06327666 
   3495.95064508 
   3565.83801350 
   3635.72538192 
   3705.61275034 
   3775.50011876 
   3845.38748718



    149.37542956 
    152.68615184 
    155.99687411 
    159.30759638 
    162.61831865 
    165.92904093 
    169.23976320 
    172.55048547 
    175.86120775 
    179.17193002 
    182.48265229

    149.51603063 
    152.82675291 
    156.13747518 
    159.44819745 
    162.75891972 
    166.06964200 
    169.38036427 
    172.69108654 
    176.00180882 
    179.31253109 
    182.62325336

    149.70694295 
    153.01766522 
    156.32838749 
    159.63910977 
    162.94983204 
    166.26055431 
    169.57127658 
    172.88199886 
    176.19272113 
    179.50344340 
    182.81416568

    149.96616937 
    153.27689164 
    156.58761391 
    159.89833618 
    163.20905846 
    166.51978073 
    169.83050300 
    173.14122528 
    176.45194755 
    179.76266982 
    183.07339209


   1118.27495110 
   1143.11677385 
   1167.95859660 
   1192.80041935 
   1217.64224210 
   1242.48406485 
   1267.32588760 
   1292.16771035 
   1317.00953310 
   1341.85135586 
   1366.69317861

   1118.41555217 
   1143.25737492 
   1168.09919767 
   1192.94102042 
   1217.78284317 
   1242.62466592 
   1267.46648867 
   1292.30831142 
   1317.15013417 
   1341.99195693 
   1366.83377968

   1118.60646448 
   1143.44828723 
   1168.29010998 
   1193.13193273 
   1217.97375548 
   1242.81557824 
   1267.65740099 
   1292.49922374 
   1317.34104649 
   1342.18286924 
   1367.02469199

   1118.86569090 
   1143.70751365 
   1168.54933640 
   1193.39115915 
   1218.23298190 
   1243.07480465 
   1267.91662740 
   1292.75845016 
   1317.60027291 
   1342.44209566 
   1367.28391841


    124.21310899 
    126.96466858 
    129.71622818 
    132.46778777 
    135.21934736 
    137.97090696 
    140.72246655 
    143.47402614 
    146.22558574 
    148.97714533 
    151.72870492

    124.35371006 
    127.10526965 
    129.85682925 
    132.60838884 
    135.35994843 
    138.11150803 
    140.86306762 
    143.61462721 
    146.36618681 
    149.11774640 
    151.86930599

    124.54462237 
    127.29618197 
    130.04774156 
    132.79930115 
    135.55086075 
    138.30242034 
    141.05397993 
    143.80553953 
    146.55709912 
    149.30865871 
    152.06021831

    124.80384879 
    127.55540839 
    130.30696798 
    133.05852757 
    135.81008717 
    138.56164676 
    141.31320635 
    144.06476595 
    146.81632554 
    149.56788513 
    152.31944473


    724.93081234 
    741.03165423 
    757.13249612 
    773.23333801 
    789.33417990 
    805.43502179 
    821.53586368 
    837.63670557 
    853.73754746 
    869.83838935 
    885.93923124

    725.07141341 
    741.17225530 
    757.27309719 
    773.37393908 
    789.47478097 
    805.57562286 
    821.67646475 
    837.77730664 
    853.87814853 
    869.97899042 
    886.07983231

    725.26232572 
    741.36316761 
    757.46400950 
    773.56485139 
    789.66569328 
    805.76653517 
    821.86737706 
    837.96821895 
    854.06906084 
    870.16990273 
    886.27074462

    725.52155214 
    741.62239403 
    757.72323592 
    773.82407781 
    789.92491970 
    806.02576159 
    822.12660348 
    838.22744537 
    854.32828726 
    870.42912915 
    886.52997104


    298.42328969 
    305.04087343 
    311.65845716 
    318.27604089 
    324.89362462 
    331.51120835 
    338.12879209 
    344.74637582 
    351.36395955 
    357.98154328 
    364.59912702

    298.64944587 
    305.26702961 
    311.88461334 
    318.50219707 
    325.11978080 
    331.73736453 
    338.35494827 
    344.97253200 
    351.59011573 
    358.20769946 
    364.82528319

    298.95652746 
    305.57411119 
    312.19169492 
    318.80927865 
    325.42686239 
    332.04444612 
    338.66202985 
    345.27961358 
    351.89719731 
    358.51478105 
    365.13236478

    299.37349197 
    305.99107570 
    312.60865943 
    319.22624316 
    325.84382690 
    332.46141063 
    339.07899436 
    345.69657809 
    352.31416182 
    358.93174556 
    365.54932929


   1267.32281123 
   1295.47149544 
   1323.62017965 
   1351.76886386 
   1379.91754807 
   1408.06623228 
   1436.21491649 
   1464.36360070 
   1492.51228491 
   1520.66096912 
   1548.80965333

   1267.54896740 
   1295.69765161 
   1323.84633583 
   1351.99502004 
   1380.14370425 
   1408.29238846 
   1436.44107267 
   1464.58975688 
   1492.73844109 
   1520.88712530 
   1549.03580951

   1267.85604899 
   1296.00473320 
   1324.15341741 
   1352.30210162 
   1380.45078583 
   1408.59947004 
   1436.74815425 
   1464.89683846 
   1493.04552267 
   1521.19420688 
   1549.34289109

   1268.27301350 
   1296.42169771 
   1324.57038192 
   1352.71906613 
   1380.86775034 
   1409.01643455 
   1437.16511876 
   1465.31380297 
   1493.46248718 
   1521.61117139 
   1549.75985560


   2236.22233276 
   2285.90211745 
   2335.58190213 
   2385.26168682 
   2434.94147151 
   2484.62125620 
   2534.30104089 
   2583.98082558 
   2633.66061027 
   2683.34039496 
   2733.02017965

   2236.44848894 
   2286.12827362 
   2335.80805831 
   2385.48784300 
   2435.16762769 
   2484.84741238 
   2534.52719707 
   2584.20698176 
   2633.88676645 
   2683.56655114 
   2733.24633583

   2236.75557052 
   2286.43535521 
   2336.11513990 
   2385.79492459 
   2435.47470928 
   2485.15449397 
   2534.83427865 
   2584.51406334 
   2634.19384803 
   2683.87363272 
   2733.55341741

   2237.17253503 
   2286.85231972 
   2336.53210441 
   2386.21188910 
   2435.89167379 
   2485.57145847 
   2535.25124316 
   2584.93102785 
   2634.61081254 
   2684.29059723 
   2733.97038192


   3205.12185429 
   3276.33273946 
   3347.54362462 
   3418.75450979 
   3489.96539496 
   3561.17628013 
   3632.38716529 
   3703.59805046 
   3774.80893563 
   3846.01982080 
   3917.23070596

   3205.34801047 
   3276.55889563 
   3347.76978080 
   3418.98066597 
   3490.19155114 
   3561.40243630 
   3632.61332147 
   3703.82420664 
   3775.03509181 
   3846.24597697 
   3917.45686214

   3205.65509205 
   3276.86597722 
   3348.07686239 
   3419.28774755 
   3490.49863272 
   3561.70951789 
   3632.92040306 
   3704.13128822 
   3775.34217339 
   3846.55305856 
   3917.76394373

   3206.07205656 
   3277.28294173 
   3348.49382690 
   3419.70471206 
   3490.91559723 
   3562.12648240 
   3633.33736757 
   3704.54825273 
   3775.75913790 
   3846.97002307 
   3918.18090824


   1105.83955764 
   1130.39972510 
   1154.95989257 
   1179.52006003 
   1204.08022749 
   1228.64039496 
   1253.20056242 
   1277.76072989 
   1302.32089735 
   1326.88106481 
   1351.44123228

   1106.06571382 
   1130.62588128 
   1155.18604874 
   1179.74621621 
   1204.30638367 
   1228.86655114 
   1253.42671860 
   1277.98688606 
   1302.54705353 
   1327.10722099 
   1351.66738846

   1106.37279540 
   1130.93296287 
   1155.49313033 
   1180.05329779 
   1204.61346526 
   1229.17363272 
   1253.73380019 
   1278.29396765 
   1302.85413511 
   1327.41430258 
   1351.97447004

   1106.78975991 
   1131.34992737 
   1155.91009484 
   1180.47026230 
   1205.03042977 
   1229.59059723 
   1254.15076469 
   1278.71093216 
   1303.27109962 
   1327.83126709 
   1352.39143455


   2074.73907917 
   2120.83034711 
   2166.92161505 
   2213.01288300 
   2259.10415094 
   2305.19541888 
   2351.28668682 
   2397.37795477 
   2443.46922271 
   2489.56049065 
   2535.65175859

   2074.96523535 
   2121.05650329 
   2167.14777123 
   2213.23903917 
   2259.33030712 
   2305.42157506 
   2351.51284300 
   2397.60411095 
   2443.69537889 
   2489.78664683 
   2535.87791477

   2075.27231693 
   2121.36358487 
   2167.45485282 
   2213.54612076 
   2259.63738870 
   2305.72865665 
   2351.81992459 
   2397.91119253 
   2444.00246047 
   2490.09372842 
   2536.18499636

   2075.68928144 
   2121.78054938 
   2167.87181733 
   2213.96308527 
   2260.05435321 
   2306.14562115 
   2352.23688910 
   2398.32815704 
   2444.41942498 
   2490.51069292 
   2536.60196087


   3043.63860070 
   3111.26096912 
   3178.88333754 
   3246.50570596 
   3314.12807438 
   3381.75044280 
   3449.37281123 
   3516.99517965 
   3584.61754807 
   3652.23991649 
   3719.86228491

   3043.86475688 
   3111.48712530 
   3179.10949372 
   3246.73186214 
   3314.35423056 
   3381.97659898 
   3449.59896740 
   3517.22133583 
   3584.84370425 
   3652.46607267 
   3720.08844109

   3044.17183846 
   3111.79420688 
   3179.41657531 
   3247.03894373 
   3314.66131215 
   3382.28368057 
   3449.90604899 
   3517.52841741 
   3585.15078583 
   3652.77315425 
   3720.39552267

   3044.58880297 
   3112.21117139 
   3179.83353981 
   3247.45590824 
   3315.07827666 
   3382.70064508 
   3450.32301350 
   3517.94538192 
   3585.56775034 
   3653.19011876 
   3720.81248718



      3.60580456 
      3.67720184 
      3.74859911 
      3.81999638 
      3.89139365 
      3.96279093 
      4.03418820 
      4.10558547 
      4.17698275 
      4.24838002 
      4.31977729

      3.74640563 
      3.81780291 
      3.88920018 
      3.96059745 
      4.03199472 
      4.10339200 
      4.17478927 
      4.24618654 
      4.31758382 
      4.38898109 
      4.46037836

      3.93731795 
      4.00871522 
      4.08011249 
      4.15150977 
      4.22290704 
      4.29430431 
      4.36570158 
      4.43709886 
      4.50849613 
      4.57989340 
      4.65129068

      4.19654437 
      4.26794164 
      4.33933891 
      4.41073618 
      4.48213346 
      4.55353073 
      4.62492800 
      4.69632528 
      4.76772255 
      4.83911982 
      4.91051709


    534.57008791 
    546.44069148 
    558.31129505 
    570.18189862 
    582.05250219 
    593.92310576 
    605.79370933 
    617.66431290 
    629.53491647 
    641.40552004 
    653.27612361

    534.71068898 
    546.58129255 
    558.45189612 
    570.32249969 
    582.19310326 
    594.06370683 
    605.93431040 
    617.80491397 
    629.67551754 
    641.54612111 
    653.41672468

    534.90160130 
    546.77220487 
    558.64280844 
    570.51341201 
    582.38401558 
    594.25461914 
    606.12522271 
    617.99582628 
    629.86642985 
    641.73703342 
    653.60763699

    535.16082772 
    547.03143129 
    558.90203485 
    570.77263842 
    582.64324199 
    594.51384556 
    606.38444913 
    618.25505270 
    630.12565627 
    641.99625984 
    653.86686341


   1503.46960944 
   1536.87131349 
   1570.27301754 
   1603.67472159 
   1637.07642564 
   1670.47812968 
   1703.87983373 
   1737.28153778 
   1770.68324183 
   1804.08494587 
   1837.48664992

   1503.61021051 
   1537.01191456 
   1570.41361861 
   1603.81532266 
   1637.21702671 
   1670.61873075 
   1704.02043480 
   1737.42213885 
   1770.82384290 
   1804.22554695 
   1837.62725099

   1503.80112283 
   1537.20282688 
   1570.60453092 
   1604.00623497 
   1637.40793902 
   1670.80964307 
   1704.21134712 
   1737.61305116 
   1771.01475521 
   1804.41645926 
   1837.81816331

   1504.06034925 
   1537.46205329 
   1570.86375734 
   1604.26546139 
   1637.66716544 
   1671.06886949 
   1704.47057353 
   1737.87227758 
   1771.27398163 
   1804.67568568 
   1838.07738973


    716.64302734 
    732.55969623 
    748.47636512 
    764.39303401 
    780.30970290 
    796.22637179 
    812.14304068 
    828.05970957 
    843.97637846 
    859.89304735 
    875.80971624

    716.78362841 
    732.70029730 
    748.61696619 
    764.53363508 
    780.45030397 
    796.36697286 
    812.28364175 
    828.20031064 
    844.11697953 
    860.03364842 
    875.95031731

    716.97454072 
    732.89120961 
    748.80787850 
    764.72454739 
    780.64121628 
    796.55788517 
    812.47455406 
    828.39122295 
    844.30789184 
    860.22456073 
    876.14122962

    717.23376714 
    733.15043603 
    749.06710492 
    764.98377381 
    780.90044270 
    796.81711159 
    812.73378048 
    828.65044937 
    844.56711826 
    860.48378715 
    876.40045604


   1478.30728887 
   1511.14983024 
   1543.99237161 
   1576.83491298 
   1609.67745434 
   1642.51999571 
   1675.36253708 
   1708.20507845 
   1741.04761982 
   1773.89016119 
   1806.73270255

   1478.44788994 
   1511.29043131 
   1544.13297268 
   1576.97551405 
   1609.81805541 
   1642.66059678 
   1675.50313815 
   1708.34567952 
   1741.18822089 
   1774.03076226 
   1806.87330362

   1478.63880225 
   1511.48134362 
   1544.32388499 
   1577.16642636 
   1610.00896773 
   1642.85150910 
   1675.69405047 
   1708.53659183 
   1741.37913320 
   1774.22167457 
   1807.06421594

   1478.89802867 
   1511.74057004 
   1544.58311141 
   1577.42565278 
   1610.26819415 
   1643.11073551 
   1675.95327688 
   1708.79581825 
   1741.63835962 
   1774.48090099 
   1807.32344236


   1165.39781123 
   1191.28149544 
   1217.16517965 
   1243.04886386 
   1268.93254807 
   1294.81623228 
   1320.69991649 
   1346.58360070 
   1372.46728491 
   1398.35096912 
   1424.23465333

   1165.62396740 
   1191.50765161 
   1217.39133583 
   1243.27502004 
   1269.15870425 
   1295.04238846 
   1320.92607267 
   1346.80975688 
   1372.69344109 
   1398.57712530 
   1424.46080951

   1165.93104899 
   1191.81473320 
   1217.69841741 
   1243.58210162 
   1269.46578583 
   1295.34947004 
   1321.23315425 
   1347.11683846 
   1373.00052267 
   1398.88420688 
   1424.76789109

   1166.34801350 
   1192.23169771 
   1218.11538192 
   1243.99906613 
   1269.88275034 
   1295.76643455 
   1321.65011876 
   1347.53380297 
   1373.41748718 
   1399.30117139 
   1425.18485560


   2134.29733276 
   2181.71211745 
   2229.12690213 
   2276.54168682 
   2323.95647151 
   2371.37125620 
   2418.78604089 
   2466.20082558 
   2513.61561027 
   2561.03039496 
   2608.44517965

   2134.52348894 
   2181.93827362 
   2229.35305831 
   2276.76784300 
   2324.18262769 
   2371.59741238 
   2419.01219707 
   2466.42698176 
   2513.84176645 
   2561.25655114 
   2608.67133583

   2134.83057052 
   2182.24535521 
   2229.66013990 
   2277.07492459 
   2324.48970928 
   2371.90449397 
   2419.31927865 
   2466.73406334 
   2514.14884803 
   2561.56363272 
   2608.97841741

   2135.24753503 
   2182.66231972 
   2230.07710441 
   2277.49188910 
   2324.90667379 
   2372.32145847 
   2419.73624316 
   2467.15102785 
   2514.56581254 
   2561.98059723 
   2609.39538192


   3103.19685429 
   3172.14273946 
   3241.08862462 
   3310.03450979 
   3378.98039496 
   3447.92628013 
   3516.87216529 
   3585.81805046 
   3654.76393563 
   3723.70982080 
   3792.65570596

   3103.42301047 
   3172.36889563 
   3241.31478080 
   3310.26066597 
   3379.20655114 
   3448.15243630 
   3517.09832147 
   3586.04420664 
   3654.99009181 
   3723.93597697 
   3792.88186214

   3103.73009205 
   3172.67597722 
   3241.62186239 
   3310.56774755 
   3379.51363272 
   3448.45951789 
   3517.40540306 
   3586.35128822 
   3655.29717339 
   3724.24305856 
   3793.18894373

   3104.14705656 
   3173.09294173 
   3242.03882690 
   3310.98471206 
   3379.93059723 
   3448.87648240 
   3517.82236757 
   3586.76825273 
   3655.71413790 
   3724.66002307 
   3793.60590824


   1003.91455764 
   1026.20972510 
   1048.50489257 
   1070.80006003 
   1093.09522749 
   1115.39039496 
   1137.68556242 
   1159.98072989 
   1182.27589735 
   1204.57106481 
   1226.86623228

   1004.14071382 
   1026.43588128 
   1048.73104874 
   1071.02621621 
   1093.32138367 
   1115.61655114 
   1137.91171860 
   1160.20688606 
   1182.50205353 
   1204.79722099 
   1227.09238846

   1004.44779540 
   1026.74296287 
   1049.03813033 
   1071.33329779 
   1093.62846526 
   1115.92363272 
   1138.21880019 
   1160.51396765 
   1182.80913511 
   1205.10430258 
   1227.39947004

   1004.86475991 
   1027.15992737 
   1049.45509484 
   1071.75026230 
   1094.04542977 
   1116.34059723 
   1138.63576469 
   1160.93093216 
   1183.22609962 
   1205.52126709 
   1227.81643455


   1972.81407917 
   2016.64034711 
   2060.46661505 
   2104.29288300 
   2148.11915094 
   2191.94541888 
   2235.77168682 
   2279.59795477 
   2323.42422271 
   2367.25049065 
   2411.07675859

   1973.04023535 
   2016.86650329 
   2060.69277123 
   2104.51903917 
   2148.34530712 
   2192.17157506 
   2235.99784300 
   2279.82411095 
   2323.65037889 
   2367.47664683 
   2411.30291477

   1973.34731693 
   2017.17358487 
   2060.99985282 
   2104.82612076 
   2148.65238870 
   2192.47865665 
   2236.30492459 
   2280.13119253 
   2323.95746047 
   2367.78372842 
   2411.60999636

   1973.76428144 
   2017.59054938 
   2061.41681733 
   2105.24308527 
   2149.06935321 
   2192.89562115 
   2236.72188910 
   2280.54815704 
   2324.37442498 
   2368.20069292 
   2412.02696087


   2941.71360070 
   3007.07096912 
   3072.42833754 
   3137.78570596 
   3203.14307438 
   3268.50044280 
   3333.85781123 
   3399.21517965 
   3464.57254807 
   3529.92991649 
   3595.28728491

   2941.93975688 
   3007.29712530 
   3072.65449372 
   3138.01186214 
   3203.36923056 
   3268.72659898 
   3334.08396740 
   3399.44133583 
   3464.79870425 
   3530.15607267 
   3595.51344109

   2942.24683846 
   3007.60420688 
   3072.96157531 
   3138.31894373 
   3203.67631215 
   3269.03368057 
   3334.39104899 
   3399.74841741 
   3465.10578583 
   3530.46315425 
   3595.82052267

   2942.66380297 
   3008.02117139 
   3073.37853981 
   3138.73590824 
   3204.09327666 
   3269.45064508 
   3334.80801350 
   3400.16538192 
   3465.52275034 
   3530.88011876 
   3596.23748718



     87.18615775 
     89.11489620 
     91.04363465 
     92.97237311 
     94.90111156 
     96.82985002 
     98.75858847 
    100.68732693 
    102.61606538 
    104.54480384 
    106.47354229

     87.32675882 
     89.25549727 
     91.18423572 
     93.11297418 
     95.04171263 
     96.97045109 
     98.89918954 
    100.82792800 
    102.75666645 
    104.68540491 
    106.61414336

     87.51767113 
     89.44640958 
     91.37514804 
     93.30388649 
     95.23262495 
     97.16136340 
     99.09010186 
    101.01884031 
    102.94757877 
    104.87631722 
    106.80505568

     87.77689755 
     89.70563600 
     91.63437446 
     93.56311291 
     95.49185137 
     97.42058982 
     99.34932828 
    101.27806673 
    103.20680518 
    105.13554364 
    107.06428209


    319.72204291 
    326.81824548 
    333.91444805 
    341.01065062 
    348.10685319 
    355.20305576 
    362.29925833 
    369.39546090 
    376.49166347 
    383.58786604 
    390.68406861

    319.86264398 
    326.95884655 
    334.05504912 
    341.15125169 
    348.24745426 
    355.34365683 
    362.43985940 
    369.53606197 
    376.63226454 
    383.72846711 
    390.82466968

    320.05355630 
    327.14975887 
    334.24596144 
    341.34216401 
    348.43836658 
    355.53456914 
    362.63077171 
    369.72697428 
    376.82317685 
    383.91937942 
    391.01558199

    320.31278272 
    327.40898529 
    334.50518785 
    341.60139042 
    348.69759299 
    355.79379556 
    362.88999813 
    369.98620070 
    377.08240327 
    384.17860584 
    391.27480841


   1288.62156444 
   1317.24886749 
   1345.87617054 
   1374.50347359 
   1403.13077664 
   1431.75807968 
   1460.38538273 
   1489.01268578 
   1517.63998883 
   1546.26729187 
   1574.89459492

   1288.76216551 
   1317.38946856 
   1346.01677161 
   1374.64407466 
   1403.27137771 
   1431.89868075 
   1460.52598380 
   1489.15328685 
   1517.78058990 
   1546.40789295 
   1575.03519599

   1288.95307783 
   1317.58038088 
   1346.20768392 
   1374.83498697 
   1403.46229002 
   1432.08959307 
   1460.71689612 
   1489.34419916 
   1517.97150221 
   1546.59880526 
   1575.22610831

   1289.21230425 
   1317.83960729 
   1346.46691034 
   1375.09421339 
   1403.72151644 
   1432.34881949 
   1460.97612253 
   1489.60342558 
   1518.23072863 
   1546.85803168 
   1575.48533473


    570.19840234 
    582.86074623 
    595.52309012 
    608.18543401 
    620.84777790 
    633.51012179 
    646.17246568 
    658.83480957 
    671.49715346 
    684.15949735 
    696.82184124

    570.33900341 
    583.00134730 
    595.66369119 
    608.32603508 
    620.98837897 
    633.65072286 
    646.31306675 
    658.97541064 
    671.63775453 
    684.30009842 
    696.96244231

    570.52991572 
    583.19225961 
    595.85460350 
    608.51694739 
    621.17929128 
    633.84163517 
    646.50397906 
    659.16632295 
    671.82866684 
    684.49101073 
    697.15335462

    570.78914214 
    583.45148603 
    596.11382992 
    608.77617381 
    621.43851770 
    634.10086159 
    646.76320548 
    659.42554937 
    672.08789326 
    684.75023715 
    697.41258104


   1262.78424387 
   1290.83738424 
   1318.89052461 
   1346.94366498 
   1374.99680534 
   1403.04994571 
   1431.10308608 
   1459.15622645 
   1487.20936682 
   1515.26250719 
   1543.31564755

   1262.92484494 
   1290.97798531 
   1319.03112568 
   1347.08426605 
   1375.13740641 
   1403.19054678 
   1431.24368715 
   1459.29682752 
   1487.34996789 
   1515.40310826 
   1543.45624862

   1263.11575725 
   1291.16889762 
   1319.22203799 
   1347.27517836 
   1375.32831873 
   1403.38145910 
   1431.43459947 
   1459.48773983 
   1487.54088020 
   1515.59402057 
   1543.64716094

   1263.37498367 
   1291.42812404 
   1319.48126441 
   1347.53440478 
   1375.58754515 
   1403.64068551 
   1431.69382588 
   1459.74696625 
   1487.80010662 
   1515.85324699 
   1543.90638736


   1063.47281123 
   1087.09149544 
   1110.71017965 
   1134.32886386 
   1157.94754807 
   1181.56623228 
   1205.18491649 
   1228.80360070 
   1252.42228491 
   1276.04096912 
   1299.65965333

   1063.69896740 
   1087.31765161 
   1110.93633583 
   1134.55502004 
   1158.17370425 
   1181.79238846 
   1205.41107267 
   1229.02975688 
   1252.64844109 
   1276.26712530 
   1299.88580951

   1064.00604899 
   1087.62473320 
   1111.24341741 
   1134.86210162 
   1158.48078583 
   1182.09947004 
   1205.71815425 
   1229.33683846 
   1252.95552267 
   1276.57420688 
   1300.19289109

   1064.42301350 
   1088.04169771 
   1111.66038192 
   1135.27906613 
   1158.89775034 
   1182.51643455 
   1206.13511876 
   1229.75380297 
   1253.37248718 
   1276.99117139 
   1300.60985560


   2032.37233276 
   2077.52211745 
   2122.67190213 
   2167.82168682 
   2212.97147151 
   2258.12125620 
   2303.27104089 
   2348.42082558 
   2393.57061027 
   2438.72039496 
   2483.87017965

   2032.59848894 
   2077.74827362 
   2122.89805831 
   2168.04784300 
   2213.19762769 
   2258.34741238 
   2303.49719707 
   2348.64698176 
   2393.79676645 
   2438.94655114 
   2484.09633583

   2032.90557052 
   2078.05535521 
   2123.20513990 
   2168.35492459 
   2213.50470928 
   2258.65449397 
   2303.80427865 
   2348.95406334 
   2394.10384803 
   2439.25363272 
   2484.40341741

   2033.32253503 
   2078.47231972 
   2123.62210441 
   2168.77188910 
   2213.92167379 
   2259.07145847 
   2304.22124316 
   2349.37102785 
   2394.52081254 
   2439.67059723 
   2484.82038192


   3001.27185429 
   3067.95273946 
   3134.63362462 
   3201.31450979 
   3267.99539496 
   3334.67628013 
   3401.35716529 
   3468.03805046 
   3534.71893563 
   3601.39982080 
   3668.08070596

   3001.49801047 
   3068.17889563 
   3134.85978080 
   3201.54066597 
   3268.22155114 
   3334.90243630 
   3401.58332147 
   3468.26420664 
   3534.94509181 
   3601.62597697 
   3668.30686214

   3001.80509205 
   3068.48597722 
   3135.16686239 
   3201.84774755 
   3268.52863272 
   3335.20951789 
   3401.89040306 
   3468.57128822 
   3535.25217339 
   3601.93305856 
   3668.61394373

   3002.22205656 
   3068.90294173 
   3135.58382690 
   3202.26471206 
   3268.94559723 
   3335.62648240 
   3402.30736757 
   3468.98825273 
   3535.66913790 
   3602.35002307 
   3669.03090824


    901.98955764 
    922.01972510 
    942.04989257 
    962.08006003 
    982.11022749 
   1002.14039496 
   1022.17056242 
   1042.20072989 
   1062.23089735 
   1082.26106481 
   1102.29123228

    902.21571382 
    922.24588128 
    942.27604874 
    962.30621621 
    982.33638367 
   1002.36655114 
   1022.39671860 
   1042.42688606 
   1062.45705353 
   1082.48722099 
   1102.51738846

    902.52279540 
    922.55296287 
    942.58313033 
    962.61329779 
    982.64346526 
   1002.67363272 
   1022.70380019 
   1042.73396765 
   1062.76413511 
   1082.79430258 
   1102.82447004

    902.93975991 
    922.96992737 
    943.00009484 
    963.03026230 
    983.06042977 
   1003.09059723 
   1023.12076469 
   1043.15093216 
   1063.18109962 
   1083.21126709 
   1103.24143455


   1870.88907917 
   1912.45034711 
   1954.01161505 
   1995.57288300 
   2037.13415094 
   2078.69541888 
   2120.25668682 
   2161.81795477 
   2203.37922271 
   2244.94049065 
   2286.50175859

   1871.11523535 
   1912.67650329 
   1954.23777123 
   1995.79903917 
   2037.36030712 
   2078.92157506 
   2120.48284300 
   2162.04411095 
   2203.60537889 
   2245.16664683 
   2286.72791477

   1871.42231693 
   1912.98358487 
   1954.54485282 
   1996.10612076 
   2037.66738870 
   2079.22865665 
   2120.78992459 
   2162.35119253 
   2203.91246047 
   2245.47372842 
   2287.03499636

   1871.83928144 
   1913.40054938 
   1954.96181733 
   1996.52308527 
   2038.08435321 
   2079.64562115 
   2121.20688910 
   2162.76815704 
   2204.32942498 
   2245.89069292 
   2287.45196087


   2839.78860070 
   2902.88096912 
   2965.97333754 
   3029.06570596 
   3092.15807438 
   3155.25044280 
   3218.34281123 
   3281.43517965 
   3344.52754807 
   3407.61991649 
   3470.71228491

   2840.01475688 
   2903.10712530 
   2966.19949372 
   3029.29186214 
   3092.38423056 
   3155.47659898 
   3218.56896740 
   3281.66133583 
   3344.75370425 
   3407.84607267 
   3470.93844109

   2840.32183846 
   2903.41420688 
   2966.50657531 
   3029.59894373 
   3092.69131215 
   3155.78368057 
   3218.87604899 
   3281.96841741 
   3345.06078583 
   3408.15315425 
   3471.24552267

   2840.73880297 
   2903.83117139 
   2966.92353981 
   3030.01590824 
   3093.10827666 
   3156.20064508 
   3219.29301350 
   3282.38538192 
   3345.47775034 
   3408.57011876 
   3471.66248718



   1466.44265820 
   1499.02154111 
   1531.60042402 
   1564.17930693 
   1596.75818984 
   1629.33707275 
   1661.91595565 
   1694.49483856 
   1727.07372147 
   1759.65260438 
   1792.23148729

   1466.58325927 
   1499.16214218 
   1531.74102509 
   1564.31990800 
   1596.89879091 
   1629.47767382 
   1662.05655672 
   1694.63543963 
   1727.21432254 
   1759.79320545 
   1792.37208836

   1466.77417158 
   1499.35305449 
   1531.93193740 
   1564.51082031 
   1597.08970322 
   1629.66858613 
   1662.24746904 
   1694.82635195 
   1727.40523486 
   1759.98411777 
   1792.56300068

   1467.03339800 
   1499.61228091 
   1532.19116382 
   1564.77004673 
   1597.34892964 
   1629.92781255 
   1662.50669546 
   1695.08557837 
   1727.66446128 
   1760.24334418 
   1792.82222709


    472.38081610 
    482.86943585 
    493.35805560 
    503.84667535 
    514.33529510 
    524.82391485 
    535.31253460 
    545.80115435 
    556.28977410 
    566.77839386 
    577.26701361

    472.52141717 
    483.01003692 
    493.49865667 
    503.98727642 
    514.47589617 
    524.96451592 
    535.45313567 
    545.94175542 
    556.43037517 
    566.91899493 
    577.40761468

    472.71232948 
    483.20094923 
    493.68956898 
    504.17818873 
    514.66680848 
    525.15542824 
    535.64404799 
    546.13266774 
    556.62128749 
    567.10990724 
    577.59852699

    472.97155590 
    483.46017565 
    493.94879540 
    504.43741515 
    514.92603490 
    525.41465465 
    535.90327440 
    546.39189416 
    556.88051391 
    567.36913366 
    577.85775341


   1073.09851944 
   1096.93642149 
   1120.77432354 
   1144.61222559 
   1168.45012764 
   1192.28802968 
   1216.12593173 
   1239.96383378 
   1263.80173583 
   1287.63963787 
   1311.47753992

   1073.23912051 
   1097.07702256 
   1120.91492461 
   1144.75282666 
   1168.59072871 
   1192.42863075 
   1216.26653280 
   1240.10443485 
   1263.94233690 
   1287.78023895 
   1311.61814099

   1073.43003283 
   1097.26793488 
   1121.10583692 
   1144.94373897 
   1168.78164102 
   1192.61954307 
   1216.45744512 
   1240.29534716 
   1264.13324921 
   1287.97115126 
   1311.80905331

   1073.68925925 
   1097.52716129 
   1121.36506334 
   1145.20296539 
   1169.04086744 
   1192.87876949 
   1216.71667153 
   1240.55457358 
   1264.39247563 
   1288.23037768 
   1312.06827973


    446.54349552 
    456.45795259 
    466.37240966 
    476.28686674 
    486.20132381 
    496.11578088 
    506.03023795 
    515.94469502 
    525.85915210 
    535.77360917 
    545.68806624

    446.68409659 
    456.59855366 
    466.51301073 
    476.42746781 
    486.34192488 
    496.25638195 
    506.17083902 
    516.08529609 
    525.99975317 
    535.91421024 
    545.82866731

    446.87500891 
    456.78946598 
    466.70392305 
    476.61838012 
    486.53283719 
    496.44729426 
    506.36175134 
    516.27620841 
    526.19066548 
    536.10512255 
    546.01957962

    447.13423532 
    457.04869240 
    466.96314947 
    476.87760654 
    486.79206361 
    496.70652068 
    506.62097775 
    516.53543483 
    526.44989190 
    536.36434897 
    546.27880604


   1047.26119887 
   1070.52493824 
   1093.78867761 
   1117.05241698 
   1140.31615634 
   1163.57989571 
   1186.84363508 
   1210.10737445 
   1233.37111382 
   1256.63485319 
   1279.89859255

   1047.40179994 
   1070.66553931 
   1093.92927868 
   1117.19301805 
   1140.45675741 
   1163.72049678 
   1186.98423615 
   1210.24797552 
   1233.51171489 
   1256.77545426 
   1280.03919362

   1047.59271225 
   1070.85645162 
   1094.12019099 
   1117.38393036 
   1140.64766973 
   1163.91140910 
   1187.17514847 
   1210.43888783 
   1233.70262720 
   1256.96636657 
   1280.23010594

   1047.85193867 
   1071.11567804 
   1094.37941741 
   1117.64315678 
   1140.90689615 
   1164.17063551 
   1187.43437488 
   1210.69811425 
   1233.96185362 
   1257.22559299 
   1280.48933236


    961.54781123 
    982.90149544 
   1004.25517965 
   1025.60886386 
   1046.96254807 
   1068.31623228 
   1089.66991649 
   1111.02360070 
   1132.37728491 
   1153.73096912 
   1175.08465333

    961.77396740 
    983.12765161 
   1004.48133583 
   1025.83502004 
   1047.18870425 
   1068.54238846 
   1089.89607267 
   1111.24975688 
   1132.60344109 
   1153.95712530 
   1175.31080951

    962.08104899 
    983.43473320 
   1004.78841741 
   1026.14210162 
   1047.49578583 
   1068.84947004 
   1090.20315425 
   1111.55683846 
   1132.91052267 
   1154.26420688 
   1175.61789109

    962.49801350 
    983.85169771 
   1005.20538192 
   1026.55906613 
   1047.91275034 
   1069.26643455 
   1090.62011876 
   1111.97380297 
   1133.32748718 
   1154.68117139 
   1176.03485560


   1930.44733276 
   1973.33211745 
   2016.21690213 
   2059.10168682 
   2101.98647151 
   2144.87125620 
   2187.75604089 
   2230.64082558 
   2273.52561027 
   2316.41039496 
   2359.29517965

   1930.67348894 
   1973.55827362 
   2016.44305831 
   2059.32784300 
   2102.21262769 
   2145.09741238 
   2187.98219707 
   2230.86698176 
   2273.75176645 
   2316.63655114 
   2359.52133583

   1930.98057052 
   1973.86535521 
   2016.75013990 
   2059.63492459 
   2102.51970928 
   2145.40449397 
   2188.28927865 
   2231.17406334 
   2274.05884803 
   2316.94363272 
   2359.82841741

   1931.39753503 
   1974.28231972 
   2017.16710441 
   2060.05188910 
   2102.93667379 
   2145.82145847 
   2188.70624316 
   2231.59102785 
   2274.47581254 
   2317.36059723 
   2360.24538192


   2899.34685429 
   2963.76273946 
   3028.17862462 
   3092.59450979 
   3157.01039496 
   3221.42628013 
   3285.84216529 
   3350.25805046 
   3414.67393563 
   3479.08982080 
   3543.50570596

   2899.57301047 
   2963.98889563 
   3028.40478080 
   3092.82066597 
   3157.23655114 
   3221.65243630 
   3286.06832147 
   3350.48420664 
   3414.90009181 
   3479.31597697 
   3543.73186214

   2899.88009205 
   2964.29597722 
   3028.71186239 
   3093.12774755 
   3157.54363272 
   3221.95951789 
   3286.37540306 
   3350.79128822 
   3415.20717339 
   3479.62305856 
   3544.03894373

   2900.29705656 
   2964.71294173 
   3029.12882690 
   3093.54471206 
   3157.96059723 
   3222.37648240 
   3286.79236757 
   3351.20825273 
   3415.62413790 
   3480.04002307 
   3544.45590824


    800.06455764 
    817.82972510 
    835.59489257 
    853.36006003 
    871.12522749 
    888.89039496 
    906.65556242 
    924.42072989 
    942.18589735 
    959.95106481 
    977.71623228

    800.29071382 
    818.05588128 
    835.82104874 
    853.58621621 
    871.35138367 
    889.11655114 
    906.88171860 
    924.64688606 
    942.41205353 
    960.17722099 
    977.94238846

    800.59779540 
    818.36296287 
    836.12813033 
    853.89329779 
    871.65846526 
    889.42363272 
    907.18880019 
    924.95396765 
    942.71913511 
    960.48430258 
    978.24947004

    801.01475991 
    818.77992737 
    836.54509484 
    854.31026230 
    872.07542977 
    889.84059723 
    907.60576469 
    925.37093216 
    943.13609962 
    960.90126709 
    978.66643455


   1768.96407917 
   1808.26034711 
   1847.55661505 
   1886.85288300 
   1926.14915094 
   1965.44541888 
   2004.74168682 
   2044.03795477 
   2083.33422271 
   2122.63049065 
   2161.92675859

   1769.19023535 
   1808.48650329 
   1847.78277123 
   1887.07903917 
   1926.37530712 
   1965.67157506 
   2004.96784300 
   2044.26411095 
   2083.56037889 
   2122.85664683 
   2162.15291477

   1769.49731693 
   1808.79358487 
   1848.08985282 
   1887.38612076 
   1926.68238870 
   1965.97865665 
   2005.27492459 
   2044.57119253 
   2083.86746047 
   2123.16372842 
   2162.45999636

   1769.91428144 
   1809.21054938 
   1848.50681733 
   1887.80308527 
   1927.09935321 
   1966.39562115 
   2005.69188910 
   2044.98815704 
   2084.28442498 
   2123.58069292 
   2162.87696087


   2737.86360070 
   2798.69096912 
   2859.51833754 
   2920.34570596 
   2981.17307438 
   3042.00044280 
   3102.82781123 
   3163.65517965 
   3224.48254807 
   3285.30991649 
   3346.13728491

   2738.08975688 
   2798.91712530 
   2859.74449372 
   2920.57186214 
   2981.39923056 
   3042.22659898 
   3103.05396740 
   3163.88133583 
   3224.70870425 
   3285.53607267 
   3346.36344109

   2738.39683846 
   2799.22420688 
   2860.05157531 
   2920.87894373 
   2981.70631215 
   3042.53368057 
   3103.36104899 
   3164.18841741 
   3225.01578583 
   3285.84315425 
   3346.67052267

   2738.81380297 
   2799.64117139 
   2860.46853981 
   2921.29590824 
   2982.12327666 
   3042.95064508 
   3103.77801350 
   3164.60538192 
   3225.43275034 
   3286.26011876 
   3347.08748718



    882.73779502 
    902.34545875 
    921.95312247 
    941.56078620 
    961.16844993 
    980.77611365 
   1000.38377738 
   1019.99144111 
   1039.59910484 
   1059.20676856 
   1078.81443229

    882.87839609 
    902.48605982 
    922.09372354 
    941.70138727 
    961.30905100 
    980.91671472 
   1000.52437845 
   1020.13204218 
   1039.73970591 
   1059.34736963 
   1078.95503336

    883.06930840 
    902.67697213 
    922.28463586 
    941.89229958 
    961.49996331 
    981.10762704 
   1000.71529077 
   1020.32295449 
   1039.93061822 
   1059.53828195 
   1079.14594568

    883.32853482 
    902.93619855 
    922.54386228 
    942.15152600 
    961.75918973 
    981.36685346 
   1000.97451718 
   1020.58218091 
   1040.18984464 
   1059.79750837 
   1079.40517209


   1851.63731655 
   1892.77608076 
   1933.91484496 
   1975.05360917 
   2016.19237337 
   2057.33113758 
   2098.46990178 
   2139.60866599 
   2180.74743020 
   2221.88619440 
   2263.02495861

   1851.77791762 
   1892.91668183 
   1934.05544603 
   1975.19421024 
   2016.33297444 
   2057.47173865 
   2098.61050285 
   2139.74926706 
   2180.88803127 
   2222.02679547 
   2263.16555968

   1851.96882993 
   1893.10759414 
   1934.24635835 
   1975.38512255 
   2016.52388676 
   2057.66265096 
   2098.80141517 
   2139.94017937 
   2181.07894358 
   2222.21770779 
   2263.35647199

   1852.22805635 
   1893.36682056 
   1934.50558476 
   1975.64434897 
   2016.78311318 
   2057.92187738 
   2099.06064159 
   2140.19940579 
   2181.33817000 
   2222.47693420 
   2263.61569841


    857.57547444 
    876.62397549 
    895.67247654 
    914.72097759 
    933.76947864 
    952.81797968 
    971.86648073 
    990.91498178 
   1009.96348283 
   1029.01198387 
   1048.06048492

    857.71607551 
    876.76457656 
    895.81307761 
    914.86157866 
    933.91007971 
    952.95858075 
    972.00708180 
    991.05558285 
   1010.10408390 
   1029.15258495 
   1048.20108599

    857.90698783 
    876.95548888 
    896.00398992 
    915.05249097 
    934.10099202 
    953.14949307 
    972.19799412 
    991.24649516 
   1010.29499621 
   1029.34349726 
   1048.39199831

    858.16621425 
    877.21471529 
    896.26321634 
    915.31171739 
    934.36021844 
    953.40871949 
    972.45722053 
    991.50572158 
   1010.55422263 
   1029.60272368 
   1048.65122473


   1826.47499598 
   1867.05459750 
   1907.63419903 
   1948.21380055 
   1988.79340208 
   2029.37300361 
   2069.95260513 
   2110.53220666 
   2151.11180819 
   2191.69140971 
   2232.27101124

   1826.61559705 
   1867.19519857 
   1907.77480010 
   1948.35440162 
   1988.93400315 
   2029.51360468 
   2070.09320620 
   2110.67280773 
   2151.25240926 
   2191.83201078 
   2232.41161231

   1826.80650936 
   1867.38611089 
   1907.96571241 
   1948.54531394 
   1989.12491547 
   2029.70451699 
   2070.28411852 
   2110.86372004 
   2151.44332157 
   2192.02292310 
   2232.60252462

   1827.06573578 
   1867.64533730 
   1908.22493883 
   1948.80454036 
   1989.38414188 
   2029.96374341 
   2070.54334494 
   2111.12294646 
   2151.70254799 
   2192.28214951 
   2232.86175104


    808.94843569 
    826.91633587 
    844.88423606 
    862.85213625 
    880.82003643 
    898.78793662 
    916.75583681 
    934.72373699 
    952.69163718 
    970.65953737 
    988.62743755

    809.08903676 
    827.05693695 
    845.02483713 
    862.99273732 
    880.96063750 
    898.92853769 
    916.89643788 
    934.86433806 
    952.83223825 
    970.80013844 
    988.76803862

    809.27994907 
    827.24784926 
    845.21574945 
    863.18364963 
    881.15154982 
    899.11945001 
    917.08735019 
    935.05525038 
    953.02315057 
    970.99105075 
    988.95895094

    809.53917549 
    827.50707568 
    845.47497586 
    863.44287605 
    881.41077624 
    899.37867642 
    917.34657661 
    935.31447680 
    953.28237698 
    971.25027717 
    989.21817736


    859.62281123 
    878.71149544 
    897.80017965 
    916.88886386 
    935.97754807 
    955.06623228 
    974.15491649 
    993.24360070 
   1012.33228491 
   1031.42096912 
   1050.50965333

    859.84896740 
    878.93765161 
    898.02633583 
    917.11502004 
    936.20370425 
    955.29238846 
    974.38107267 
    993.46975688 
   1012.55844109 
   1031.64712530 
   1050.73580951

    860.15604899 
    879.24473320 
    898.33341741 
    917.42210162 
    936.51078583 
    955.59947004 
    974.68815425 
    993.77683846 
   1012.86552267 
   1031.95420688 
   1051.04289109

    860.57301350 
    879.66169771 
    898.75038192 
    917.83906613 
    936.92775034 
    956.01643455 
    975.10511876 
    994.19380297 
   1013.28248718 
   1032.37117139 
   1051.45985560


   1828.52233276 
   1869.14211745 
   1909.76190213 
   1950.38168682 
   1991.00147151 
   2031.62125620 
   2072.24104089 
   2112.86082558 
   2153.48061027 
   2194.10039496 
   2234.72017965

   1828.74848894 
   1869.36827362 
   1909.98805831 
   1950.60784300 
   1991.22762769 
   2031.84741238 
   2072.46719707 
   2113.08698176 
   2153.70676645 
   2194.32655114 
   2234.94633583

   1829.05557052 
   1869.67535521 
   1910.29513990 
   1950.91492459 
   1991.53470928 
   2032.15449397 
   2072.77427865 
   2113.39406334 
   2154.01384803 
   2194.63363272 
   2235.25341741

   1829.47253503 
   1870.09231972 
   1910.71210441 
   1951.33188910 
   1991.95167379 
   2032.57145847 
   2073.19124316 
   2113.81102785 
   2154.43081254 
   2195.05059723 
   2235.67038192


   2797.42185429 
   2859.57273946 
   2921.72362462 
   2983.87450979 
   3046.02539496 
   3108.17628013 
   3170.32716529 
   3232.47805046 
   3294.62893563 
   3356.77982080 
   3418.93070596

   2797.64801047 
   2859.79889563 
   2921.94978080 
   2984.10066597 
   3046.25155114 
   3108.40243630 
   3170.55332147 
   3232.70420664 
   3294.85509181 
   3357.00597697 
   3419.15686214

   2797.95509205 
   2860.10597722 
   2922.25686239 
   2984.40774755 
   3046.55863272 
   3108.70951789 
   3170.86040306 
   3233.01128822 
   3295.16217339 
   3357.31305856 
   3419.46394373

   2798.37205656 
   2860.52294173 
   2922.67382690 
   2984.82471206 
   3046.97559723 
   3109.12648240 
   3171.27736757 
   3233.42825273 
   3295.57913790 
   3357.73002307 
   3419.88090824


    698.13955764 
    713.63972510 
    729.13989257 
    744.64006003 
    760.14022749 
    775.64039496 
    791.14056242 
    806.64072989 
    822.14089735 
    837.64106481 
    853.14123228

    698.36571382 
    713.86588128 
    729.36604874 
    744.86621621 
    760.36638367 
    775.86655114 
    791.36671860 
    806.86688606 
    822.36705353 
    837.86722099 
    853.36738846

    698.67279540 
    714.17296287 
    729.67313033 
    745.17329779 
    760.67346526 
    776.17363272 
    791.67380019 
    807.17396765 
    822.67413511 
    838.17430258 
    853.67447004

    699.08975991 
    714.58992737 
    730.09009484 
    745.59026230 
    761.09042977 
    776.59059723 
    792.09076469 
    807.59093216 
    823.09109962 
    838.59126709 
    854.09143455


   1667.03907917 
   1704.07034711 
   1741.10161505 
   1778.13288300 
   1815.16415094 
   1852.19541888 
   1889.22668682 
   1926.25795477 
   1963.28922271 
   2000.32049065 
   2037.35175859

   1667.26523535 
   1704.29650329 
   1741.32777123 
   1778.35903917 
   1815.39030712 
   1852.42157506 
   1889.45284300 
   1926.48411095 
   1963.51537889 
   2000.54664683 
   2037.57791477

   1667.57231693 
   1704.60358487 
   1741.63485282 
   1778.66612076 
   1815.69738870 
   1852.72865665 
   1889.75992459 
   1926.79119253 
   1963.82246047 
   2000.85372842 
   2037.88499636

   1667.98928144 
   1705.02054938 
   1742.05181733 
   1779.08308527 
   1816.11435321 
   1853.14562115 
   1890.17688910 
   1927.20815704 
   1964.23942498 
   2001.27069292 
   2038.30196087


   2635.93860070 
   2694.50096912 
   2753.06333754 
   2811.62570596 
   2870.18807438 
   2928.75044280 
   2987.31281123 
   3045.87517965 
   3104.43754807 
   3162.99991649 
   3221.56228491

   2636.16475688 
   2694.72712530 
   2753.28949372 
   2811.85186214 
   2870.41423056 
   2928.97659898 
   2987.53896740 
   3046.10133583 
   3104.66370425 
   3163.22607267 
   3221.78844109

   2636.47183846 
   2695.03420688 
   2753.59657531 
   2812.15894373 
   2870.72131215 
   2929.28368057 
   2987.84604899 
   3046.40841741 
   3104.97078583 
   3163.53315425 
   3222.09552267

   2636.88880297 
   2695.45117139 
   2754.01353981 
   2812.57590824 
   2871.13827666 
   2929.70064508 
   2988.26301350 
   3046.82538192 
   3105.38775034 
   3163.95011876 
   3222.51248718



    299.03293184 
    305.66937638 
    312.30582093 
    318.94226547 
    325.57871002 
    332.21515456 
    338.85159911 
    345.48804365 
    352.12448820 
    358.76093275 
    365.39737729

    299.17353291 
    305.80997745 
    312.44642200 
    319.08286654 
    325.71931109 
    332.35575563 
    338.99220018 
    345.62864472 
    352.26508927 
    358.90153382 
    365.53797836

    299.36444522 
    306.00088977 
    312.63733431 
    319.27377886 
    325.91022340 
    332.54666795 
    339.18311249 
    345.81955704 
    352.45600158 
    359.09244613 
    365.72889068

    299.62367164 
    306.26011618 
    312.89656073 
    319.53300528 
    326.16944982 
    332.80589437 
    339.44233891 
    346.07878346 
    352.71522800 
    359.35167255 
    365.98811709


   1636.78927155 
   1673.15363476 
   1709.51799796 
   1745.88236117 
   1782.24672437 
   1818.61108758 
   1854.97545078 
   1891.33981399 
   1927.70417720 
   1964.06854040 
   2000.43290361

   1636.92987262 
   1673.29423583 
   1709.65859903 
   1746.02296224 
   1782.38732544 
   1818.75168865 
   1855.11605185 
   1891.48041506 
   1927.84477827 
   1964.20914147 
   2000.57350468

   1637.12078493 
   1673.48514814 
   1709.84951135 
   1746.21387455 
   1782.57823776 
   1818.94260096 
   1855.30696417 
   1891.67132737 
   1928.03569058 
   1964.40005379 
   2000.76441699

   1637.38001135 
   1673.74437456 
   1710.10873776 
   1746.47310097 
   1782.83746418 
   1819.20182738 
   1855.56619059 
   1891.93055379 
   1928.29491700 
   1964.65928020 
   2001.02364341


    481.10587126 
    491.78838113 
    502.47089099 
    513.15340086 
    523.83591073 
    534.51842059 
    545.20093046 
    555.88344032 
    566.56595019 
    577.24846006 
    587.93096992

    481.24647233 
    491.92898220 
    502.61149206 
    513.29400193 
    523.97651180 
    534.65902166 
    545.34153153 
    556.02404139 
    566.70655126 
    577.38906113 
    588.07157099

    481.43738465 
    492.11989451 
    502.80240438 
    513.48491425 
    524.16742411 
    534.84993398 
    545.53244384 
    556.21495371 
    566.89746358 
    577.57997344 
    588.26248331

    481.69661107 
    492.37912093 
    503.06163080 
    513.74414066 
    524.42665053 
    535.10916040 
    545.79167026 
    556.47418013 
    567.15668999 
    577.83919986 
    588.52170973


   1610.95195098 
   1646.74215150 
   1682.53235203 
   1718.32255255 
   1754.11275308 
   1789.90295361 
   1825.69315413 
   1861.48335466 
   1897.27355519 
   1933.06375571 
   1968.85395624

   1611.09255205 
   1646.88275257 
   1682.67295310 
   1718.46315362 
   1754.25335415 
   1790.04355468 
   1825.83375520 
   1861.62395573 
   1897.41415626 
   1933.20435678 
   1968.99455731

   1611.28346436 
   1647.07366489 
   1682.86386541 
   1718.65406594 
   1754.44426647 
   1790.23446699 
   1826.02466752 
   1861.81486804 
   1897.60506857 
   1933.39526910 
   1969.18546962

   1611.54269078 
   1647.33289130 
   1683.12309183 
   1718.91329236 
   1754.70349288 
   1790.49369341 
   1826.28389394 
   1862.07409446 
   1897.86429499 
   1933.65449551 
   1969.44469604


   1843.48783614 
   1884.44550078 
   1925.40316543 
   1966.36083007 
   2007.31849471 
   2048.27615935 
   2089.23382399 
   2130.19148863 
   2171.14915327 
   2212.10681791 
   2253.06448255

   1843.62843721 
   1884.58610185 
   1925.54376650 
   1966.50143114 
   2007.45909578 
   2048.41676042 
   2089.37442506 
   2130.33208970 
   2171.28975434 
   2212.24741898 
   2253.20508362

   1843.81934953 
   1884.77701417 
   1925.73467881 
   1966.69234345 
   2007.65000809 
   2048.60767273 
   2089.56533737 
   2130.52300202 
   2171.48066666 
   2212.43833130 
   2253.39599594

   1844.07857595 
   1885.03624059 
   1925.99390523 
   1966.95156987 
   2007.90923451 
   2048.86689915 
   2089.82456379 
   2130.78222843 
   2171.73989307 
   2212.69755772 
   2253.65522236


    757.69781123 
    774.52149544 
    791.34517965 
    808.16886386 
    824.99254807 
    841.81623228 
    858.63991649 
    875.46360070 
    892.28728491 
    909.11096912 
    925.93465333

    757.92396740 
    774.74765161 
    791.57133583 
    808.39502004 
    825.21870425 
    842.04238846 
    858.86607267 
    875.68975688 
    892.51344109 
    909.33712530 
    926.16080951

    758.23104899 
    775.05473320 
    791.87841741 
    808.70210162 
    825.52578583 
    842.34947004 
    859.17315425 
    875.99683846 
    892.82052267 
    909.64420688 
    926.46789109

    758.64801350 
    775.47169771 
    792.29538192 
    809.11906613 
    825.94275034 
    842.76643455 
    859.59011876 
    876.41380297 
    893.23748718 
    910.06117139 
    926.88485560


   1726.59733276 
   1764.95211745 
   1803.30690213 
   1841.66168682 
   1880.01647151 
   1918.37125620 
   1956.72604089 
   1995.08082558 
   2033.43561027 
   2071.79039496 
   2110.14517965

   1726.82348894 
   1765.17827362 
   1803.53305831 
   1841.88784300 
   1880.24262769 
   1918.59741238 
   1956.95219707 
   1995.30698176 
   2033.66176645 
   2072.01655114 
   2110.37133583

   1727.13057052 
   1765.48535521 
   1803.84013990 
   1842.19492459 
   1880.54970928 
   1918.90449397 
   1957.25927865 
   1995.61406334 
   2033.96884803 
   2072.32363272 
   2110.67841741

   1727.54753503 
   1765.90231972 
   1804.25710441 
   1842.61188910 
   1880.96667379 
   1919.32145847 
   1957.67624316 
   1996.03102785 
   2034.38581254 
   2072.74059723 
   2111.09538192


   2695.49685429 
   2755.38273946 
   2815.26862462 
   2875.15450979 
   2935.04039496 
   2994.92628013 
   3054.81216529 
   3114.69805046 
   3174.58393563 
   3234.46982080 
   3294.35570596

   2695.72301047 
   2755.60889563 
   2815.49478080 
   2875.38066597 
   2935.26655114 
   2995.15243630 
   3055.03832147 
   3114.92420664 
   3174.81009181 
   3234.69597697 
   3294.58186214

   2696.03009205 
   2755.91597722 
   2815.80186239 
   2875.68774755 
   2935.57363272 
   2995.45951789 
   3055.34540306 
   3115.23128822 
   3175.11717339 
   3235.00305856 
   3294.88894373

   2696.44705656 
   2756.33294173 
   2816.21882690 
   2876.10471206 
   2935.99059723 
   2995.87648240 
   3055.76236757 
   3115.64825273 
   3175.53413790 
   3235.42002307 
   3295.30590824


    596.21455764 
    609.44972510 
    622.68489257 
    635.92006003 
    649.15522749 
    662.39039496 
    675.62556242 
    688.86072989 
    702.09589735 
    715.33106481 
    728.56623228

    596.44071382 
    609.67588128 
    622.91104874 
    636.14621621 
    649.38138367 
    662.61655114 
    675.85171860 
    689.08688606 
    702.32205353 
    715.55722099 
    728.79238846

    596.74779540 
    609.98296287 
    623.21813033 
    636.45329779 
    649.68846526 
    662.92363272 
    676.15880019 
    689.39396765 
    702.62913511 
    715.86430258 
    729.09947004

    597.16475991 
    610.39992737 
    623.63509484 
    636.87026230 
    650.10542977 
    663.34059723 
    676.57576469 
    689.81093216 
    703.04609962 
    716.28126709 
    729.51643455


   1565.11407917 
   1599.88034711 
   1634.64661505 
   1669.41288300 
   1704.17915094 
   1738.94541888 
   1773.71168682 
   1808.47795477 
   1843.24422271 
   1878.01049065 
   1912.77675859

   1565.34023535 
   1600.10650329 
   1634.87277123 
   1669.63903917 
   1704.40530712 
   1739.17157506 
   1773.93784300 
   1808.70411095 
   1843.47037889 
   1878.23664683 
   1913.00291477

   1565.64731693 
   1600.41358487 
   1635.17985282 
   1669.94612076 
   1704.71238870 
   1739.47865665 
   1774.24492459 
   1809.01119253 
   1843.77746047 
   1878.54372842 
   1913.30999636

   1566.06428144 
   1600.83054938 
   1635.59681733 
   1670.36308527 
   1705.12935321 
   1739.89562115 
   1774.66188910 
   1809.42815704 
   1844.19442498 
   1878.96069292 
   1913.72696087


   2534.01360070 
   2590.31096912 
   2646.60833754 
   2702.90570596 
   2759.20307438 
   2815.50044280 
   2871.79781123 
   2928.09517965 
   2984.39254807 
   3040.68991649 
   3096.98728491

   2534.23975688 
   2590.53712530 
   2646.83449372 
   2703.13186214 
   2759.42923056 
   2815.72659898 
   2872.02396740 
   2928.32133583 
   2984.61870425 
   3040.91607267 
   3097.21344109

   2534.54683846 
   2590.84420688 
   2647.14157531 
   2703.43894373 
   2759.73631215 
   2816.03368057 
   2872.33104899 
   2928.62841741 
   2984.92578583 
   3041.22315425 
   3097.52052267

   2534.96380297 
   2591.26117139 
   2647.55853981 
   2703.85590824 
   2760.15327666 
   2816.45064508 
   2872.74801350 
   2929.04538192 
   2985.34275034 
   3041.64011876 
   3097.93748718



