      0.01000000 
      0.01000000 
     40.00000000 
     40.00000000

      0.01000000 
      0.01000000 
      0.01000000 
     40.00000000

      0.01000000 
      0.01000000 
      0.01000000 
      0.01000000

      0.01000000 
      0.01000000 
      0.01000000 
      0.01000000


     40.00000000 
     20.00000000 
      8.00000000 
      4.00000000

     40.00000000 
     20.00000000 
      8.00000000 
      4.00000000

     40.00000000 
     20.00000000 
      8.00000000 
      4.00000000

     40.00000000 
     20.00000000 
      8.00000000 
      4.00000000


     40.00000000 
     40.00000000 
     20.00000000 
     12.00000000

     40.00000000 
     40.00000000 
     20.00000000 
     12.00000000

     40.00000000 
     40.00000000 
     20.00000000 
     12.00000000

     40.00000000 
     40.00000000 
     20.00000000 
     12.00000000


     40.00000000 
     40.00000000 
     32.00000000 
     20.00000000

     40.00000000 
     40.00000000 
     32.00000000 
     20.00000000

     40.00000000 
     40.00000000 
     32.00000000 
     20.00000000

     40.00000000 
     40.00000000 
     32.00000000 
     20.00000000


     40.00000000 
     11.70000000 
      4.00000000 
      3.90000000

     40.00000000 
     11.70000000 
      4.00000000 
      3.90000000

     40.00000000 
     11.70000000 
      4.00000000 
      3.90000000

     40.00000000 
     11.70000000 
      4.00000000 
      3.90000000


     40.00000000 
     24.00000000 
     11.70000000 
      8.00000000

     40.00000000 
     24.00000000 
     11.70000000 
      8.00000000

     40.00000000 
     24.00000000 
     11.70000000 
      8.00000000

     40.00000000 
     24.00000000 
     11.70000000 
      8.00000000


     40.00000000 
     36.00000000 
     40.00000000 
     32.00000000

     40.00000000 
     36.00000000 
     40.00000000 
     32.00000000

     40.00000000 
     36.00000000 
     40.00000000 
     32.00000000

     40.00000000 
     36.00000000 
     40.00000000 
     32.00000000


     40.00000000 
     40.00000000 
     24.00000000 
     35.10000000

     40.00000000 
     40.00000000 
     24.00000000 
     35.10000000

     40.00000000 
     40.00000000 
     24.00000000 
     35.10000000

     40.00000000 
     40.00000000 
     24.00000000 
     35.10000000


     40.00000000 
     40.00000000 
     35.10000000 
     20.00000000

     40.00000000 
     40.00000000 
     35.10000000 
     20.00000000

     40.00000000 
     40.00000000 
     35.10000000 
     20.00000000

     40.00000000 
     40.00000000 
     35.10000000 
     20.00000000


     40.00000000 
     35.10000000 
     40.00000000 
     28.00000000

     40.00000000 
     35.10000000 
     40.00000000 
     28.00000000

     40.00000000 
     35.10000000 
     40.00000000 
     28.00000000

     40.00000000 
     35.10000000 
     40.00000000 
     28.00000000


     40.00000000 
     40.00000000 
     40.00000000 
     35.10000000

     40.00000000 
     40.00000000 
     40.00000000 
     35.10000000

     40.00000000 
     40.00000000 
     40.00000000 
     35.10000000

     40.00000000 
     40.00000000 
     40.00000000 
     35.10000000



      3.90000000 
      0.01000000 
      0.01000000 
      0.01000000

      4.00000000 
      0.01000000 
      0.01000000 
      0.01000000

      4.00000000 
      0.01000000 
      0.01000000 
      0.01000000

      4.00000000 
      0.01000000 
      0.01000000 
      0.01000000


     40.00000000 
     23.40000000 
     12.00000000 
      8.00000000

     40.00000000 
     24.00000000 
     12.00000000 
      8.00000000

     40.00000000 
     24.00000000 
     12.00000000 
      8.00000000

     40.00000000 
     24.00000000 
     12.00000000 
      8.00000000


     40.00000000 
     40.00000000 
     24.00000000 
     16.00000000

     40.00000000 
     40.00000000 
     24.00000000 
     16.00000000

     40.00000000 
     40.00000000 
     24.00000000 
     16.00000000

     40.00000000 
     40.00000000 
     24.00000000 
     16.00000000


     40.00000000 
     40.00000000 
      0.01000000 
      0.01000000

     40.00000000 
     40.00000000 
      0.01000000 
      0.01000000

     40.00000000 
     40.00000000 
      0.01000000 
      0.01000000

     40.00000000 
     40.00000000 
      0.01000000 
      0.01000000


     40.00000000 
     12.00000000 
      7.80000000 
      4.00000000

     40.00000000 
     12.00000000 
      7.80000000 
      4.00000000

     40.00000000 
     12.00000000 
      7.80000000 
      4.00000000

     40.00000000 
     12.00000000 
      7.80000000 
      4.00000000


     40.00000000 
     27.30000000 
     15.60000000 
      8.00000000

     40.00000000 
     27.30000000 
     15.60000000 
      8.00000000

     40.00000000 
     27.30000000 
     15.60000000 
      8.00000000

     40.00000000 
     27.30000000 
     15.60000000 
      8.00000000


     40.00000000 
     39.00000000 
     40.00000000 
     35.10000000

     40.00000000 
     39.00000000 
     40.00000000 
     35.10000000

     40.00000000 
     39.00000000 
     40.00000000 
     35.10000000

     40.00000000 
     39.00000000 
     40.00000000 
     35.10000000


     40.00000000 
     40.00000000 
     27.30000000 
     39.00000000

     40.00000000 
     40.00000000 
     27.30000000 
     39.00000000

     40.00000000 
     40.00000000 
     27.30000000 
     39.00000000

     40.00000000 
     40.00000000 
     27.30000000 
     39.00000000


     40.00000000 
     40.00000000 
     39.00000000 
     23.40000000

     40.00000000 
     40.00000000 
     39.00000000 
     23.40000000

     40.00000000 
     40.00000000 
     39.00000000 
     23.40000000

     40.00000000 
     40.00000000 
     39.00000000 
     23.40000000


     40.00000000 
     36.00000000 
     40.00000000 
     31.20000000

     40.00000000 
     36.00000000 
     40.00000000 
     31.20000000

     40.00000000 
     36.00000000 
     40.00000000 
     31.20000000

     40.00000000 
     36.00000000 
     40.00000000 
     31.20000000


     40.00000000 
     40.00000000 
     40.00000000 
     36.00000000

     40.00000000 
     40.00000000 
     40.00000000 
     36.00000000

     40.00000000 
     40.00000000 
     40.00000000 
     36.00000000

     40.00000000 
     40.00000000 
     40.00000000 
     36.00000000



      4.00000000 
      4.00000000 
      4.00000000 
      4.00000000

      4.00000000 
      4.00000000 
      4.00000000 
      4.00000000

      4.00000000 
      4.00000000 
      4.00000000 
      4.00000000

      8.00000000 
      4.00000000 
      4.00000000 
      4.00000000


     40.00000000 
     24.00000000 
     16.00000000 
     12.00000000

     40.00000000 
     24.00000000 
     16.00000000 
     12.00000000

     40.00000000 
     24.00000000 
     16.00000000 
     12.00000000

     40.00000000 
     24.00000000 
     16.00000000 
     12.00000000


     40.00000000 
     40.00000000 
     24.00000000 
     19.50000000

     40.00000000 
     40.00000000 
     24.00000000 
     19.50000000

     40.00000000 
     40.00000000 
     24.00000000 
     19.50000000

     40.00000000 
     40.00000000 
     24.00000000 
     19.50000000


     40.00000000 
      0.01000000 
      0.01000000 
      4.00000000

     40.00000000 
      0.01000000 
      0.01000000 
      4.00000000

     40.00000000 
      0.01000000 
      0.01000000 
      4.00000000

     40.00000000 
      0.01000000 
      0.01000000 
      4.00000000


     40.00000000 
     15.60000000 
      8.00000000 
      8.00000000

     40.00000000 
     15.60000000 
      8.00000000 
      8.00000000

     40.00000000 
     15.60000000 
      8.00000000 
      8.00000000

     40.00000000 
     15.60000000 
      8.00000000 
      8.00000000


     40.00000000 
     28.00000000 
     16.00000000 
     11.70000000

     40.00000000 
     28.00000000 
     16.00000000 
     11.70000000

     40.00000000 
     28.00000000 
     16.00000000 
     11.70000000

     40.00000000 
     28.00000000 
     16.00000000 
     11.70000000


     40.00000000 
     40.00000000 
     23.40000000 
     36.00000000

     40.00000000 
     40.00000000 
     23.40000000 
     36.00000000

     40.00000000 
     40.00000000 
     23.40000000 
     36.00000000

     40.00000000 
     40.00000000 
     23.40000000 
     36.00000000


     40.00000000 
     40.00000000 
     28.00000000 
     20.00000000

     40.00000000 
     40.00000000 
     28.00000000 
     20.00000000

     40.00000000 
     40.00000000 
     28.00000000 
     20.00000000

     40.00000000 
     40.00000000 
     28.00000000 
     20.00000000


     40.00000000 
     40.00000000 
     40.00000000 
     27.30000000

     40.00000000 
     40.00000000 
     40.00000000 
     27.30000000

     40.00000000 
     40.00000000 
     40.00000000 
     27.30000000

     40.00000000 
     40.00000000 
     40.00000000 
     27.30000000


     40.00000000 
     39.00000000 
     40.00000000 
     32.00000000

     40.00000000 
     39.00000000 
     40.00000000 
     32.00000000

     40.00000000 
     39.00000000 
     40.00000000 
     32.00000000

     40.00000000 
     39.00000000 
     40.00000000 
     32.00000000


     40.00000000 
     40.00000000 
     40.00000000 
     39.00000000

     40.00000000 
     40.00000000 
     40.00000000 
     39.00000000

     40.00000000 
     40.00000000 
     40.00000000 
     39.00000000

     40.00000000 
     40.00000000 
     40.00000000 
     39.00000000



      8.00000000 
      7.80000000 
      7.80000000 
      7.80000000

      8.00000000 
      8.00000000 
      7.80000000 
      7.80000000

      8.00000000 
      8.00000000 
      7.80000000 
      7.80000000

      8.00000000 
      8.00000000 
      8.00000000 
      7.80000000


     40.00000000 
     28.00000000 
     16.00000000 
     12.00000000

     40.00000000 
     28.00000000 
     16.00000000 
     12.00000000

     40.00000000 
     28.00000000 
     16.00000000 
     12.00000000

     40.00000000 
     28.00000000 
     16.00000000 
     12.00000000


     40.00000000 
     40.00000000 
     28.00000000 
     20.00000000

     40.00000000 
     40.00000000 
     28.00000000 
     20.00000000

     40.00000000 
     40.00000000 
     28.00000000 
     20.00000000

     40.00000000 
     40.00000000 
     28.00000000 
     20.00000000


     40.00000000 
      4.00000000 
      4.00000000 
      4.00000000

     40.00000000 
      4.00000000 
      4.00000000 
      4.00000000

     40.00000000 
      4.00000000 
      4.00000000 
      4.00000000

     40.00000000 
      4.00000000 
      4.00000000 
      4.00000000


     40.00000000 
     16.00000000 
     11.70000000 
      8.00000000

     40.00000000 
     16.00000000 
     11.70000000 
      8.00000000

     40.00000000 
     16.00000000 
     11.70000000 
      8.00000000

     40.00000000 
     16.00000000 
     11.70000000 
      8.00000000


     40.00000000 
     31.20000000 
     16.00000000 
     15.60000000

     40.00000000 
     31.20000000 
     16.00000000 
     15.60000000

     40.00000000 
     31.20000000 
     16.00000000 
     15.60000000

     40.00000000 
     31.20000000 
     16.00000000 
     15.60000000


     40.00000000 
     40.00000000 
     24.00000000 
     19.50000000

     40.00000000 
     40.00000000 
     24.00000000 
     19.50000000

     40.00000000 
     40.00000000 
     24.00000000 
     19.50000000

     40.00000000 
     40.00000000 
     24.00000000 
     19.50000000


     40.00000000 
     40.00000000 
     31.20000000 
     23.40000000

     40.00000000 
     40.00000000 
     31.20000000 
     23.40000000

     40.00000000 
     40.00000000 
     31.20000000 
     23.40000000

     40.00000000 
     40.00000000 
     31.20000000 
     23.40000000


     40.00000000 
     40.00000000 
     40.00000000 
     28.00000000

     40.00000000 
     40.00000000 
     40.00000000 
     28.00000000

     40.00000000 
     40.00000000 
     40.00000000 
     28.00000000

     40.00000000 
     40.00000000 
     40.00000000 
     28.00000000


     40.00000000 
     40.00000000 
     40.00000000 
     36.00000000

     40.00000000 
     40.00000000 
     40.00000000 
     36.00000000

     40.00000000 
     40.00000000 
     40.00000000 
     36.00000000

     40.00000000 
     40.00000000 
     40.00000000 
     36.00000000


     40.00000000 
     40.00000000 
     28.00000000 
     40.00000000

     40.00000000 
     40.00000000 
     28.00000000 
     40.00000000

     40.00000000 
     40.00000000 
     28.00000000 
     40.00000000

     40.00000000 
     40.00000000 
     28.00000000 
     40.00000000



     11.70000000 
      8.00000000 
      8.00000000 
      8.00000000

     12.00000000 
      8.00000000 
      8.00000000 
      8.00000000

     12.00000000 
      8.00000000 
      8.00000000 
      8.00000000

     12.00000000 
      8.00000000 
      8.00000000 
      8.00000000


     40.00000000 
     31.20000000 
     20.00000000 
     16.00000000

     40.00000000 
     31.20000000 
     20.00000000 
     16.00000000

     40.00000000 
     31.20000000 
     20.00000000 
     16.00000000

     40.00000000 
     32.00000000 
     20.00000000 
     16.00000000


     40.00000000 
     40.00000000 
     32.00000000 
      0.01000000

     40.00000000 
     40.00000000 
     32.00000000 
      0.01000000

     40.00000000 
     40.00000000 
     32.00000000 
      0.01000000

     40.00000000 
     40.00000000 
     32.00000000 
      0.01000000


     40.00000000 
      4.00000000 
      8.00000000 
      8.00000000

     40.00000000 
      4.00000000 
      8.00000000 
      8.00000000

     40.00000000 
      4.00000000 
      8.00000000 
      8.00000000

     40.00000000 
      4.00000000 
      8.00000000 
      8.00000000


     40.00000000 
     19.50000000 
     12.00000000 
     12.00000000

     40.00000000 
     19.50000000 
     12.00000000 
     12.00000000

     40.00000000 
     19.50000000 
     12.00000000 
     12.00000000

     40.00000000 
     19.50000000 
     12.00000000 
     12.00000000


     40.00000000 
     32.00000000 
     20.00000000 
     16.00000000

     40.00000000 
     32.00000000 
     20.00000000 
     16.00000000

     40.00000000 
     32.00000000 
     20.00000000 
     16.00000000

     40.00000000 
     32.00000000 
     20.00000000 
     16.00000000


     40.00000000 
     40.00000000 
     27.30000000 
     20.00000000

     40.00000000 
     40.00000000 
     27.30000000 
     20.00000000

     40.00000000 
     40.00000000 
     27.30000000 
     20.00000000

     40.00000000 
     40.00000000 
     27.30000000 
     20.00000000


     40.00000000 
     40.00000000 
     32.00000000 
     24.00000000

     40.00000000 
     40.00000000 
     32.00000000 
     24.00000000

     40.00000000 
     40.00000000 
     32.00000000 
     24.00000000

     40.00000000 
     40.00000000 
     32.00000000 
     24.00000000


     40.00000000 
     40.00000000 
     40.00000000 
     31.20000000

     40.00000000 
     40.00000000 
     40.00000000 
     31.20000000

     40.00000000 
     40.00000000 
     40.00000000 
     31.20000000

     40.00000000 
     40.00000000 
     40.00000000 
     31.20000000


     40.00000000 
     40.00000000 
     40.00000000 
     39.00000000

     40.00000000 
     40.00000000 
     40.00000000 
     39.00000000

     40.00000000 
     40.00000000 
     40.00000000 
     39.00000000

     40.00000000 
     40.00000000 
     40.00000000 
     39.00000000


     40.00000000 
     40.00000000 
     31.20000000 
     40.00000000

     40.00000000 
     40.00000000 
     31.20000000 
     40.00000000

     40.00000000 
     40.00000000 
     31.20000000 
     40.00000000

     40.00000000 
     40.00000000 
     31.20000000 
     40.00000000



     12.00000000 
     12.00000000 
     12.00000000 
     12.00000000

     12.00000000 
     12.00000000 
     12.00000000 
     12.00000000

     15.60000000 
     12.00000000 
     12.00000000 
     12.00000000

     16.00000000 
     12.00000000 
     12.00000000 
     12.00000000


     40.00000000 
     32.00000000 
     24.00000000 
     20.00000000

     40.00000000 
     32.00000000 
     24.00000000 
     20.00000000

     40.00000000 
     32.00000000 
     24.00000000 
     20.00000000

     40.00000000 
     32.00000000 
     24.00000000 
     20.00000000


     40.00000000 
     40.00000000 
      0.01000000 
      4.00000000

     40.00000000 
     40.00000000 
      0.01000000 
      4.00000000

     40.00000000 
     40.00000000 
      0.01000000 
      4.00000000

     40.00000000 
     40.00000000 
      0.01000000 
      4.00000000


     40.00000000 
      8.00000000 
      8.00000000 
     12.00000000

     40.00000000 
      8.00000000 
      8.00000000 
     12.00000000

     40.00000000 
      8.00000000 
      8.00000000 
     12.00000000

     40.00000000 
      8.00000000 
      8.00000000 
     12.00000000


     40.00000000 
     20.00000000 
     16.00000000 
     15.60000000

     40.00000000 
     20.00000000 
     16.00000000 
     15.60000000

     40.00000000 
     20.00000000 
     16.00000000 
     15.60000000

     40.00000000 
     20.00000000 
     16.00000000 
     15.60000000


     40.00000000 
     35.10000000 
     23.40000000 
     16.00000000

     40.00000000 
     35.10000000 
     23.40000000 
     16.00000000

     40.00000000 
     35.10000000 
     23.40000000 
     16.00000000

     40.00000000 
     35.10000000 
     23.40000000 
     16.00000000


     40.00000000 
     40.00000000 
     28.00000000 
     23.40000000

     40.00000000 
     40.00000000 
     28.00000000 
     23.40000000

     40.00000000 
     40.00000000 
     28.00000000 
     23.40000000

     40.00000000 
     40.00000000 
     28.00000000 
     23.40000000


     40.00000000 
     40.00000000 
     35.10000000 
     27.30000000

     40.00000000 
     40.00000000 
     35.10000000 
     27.30000000

     40.00000000 
     40.00000000 
     35.10000000 
     27.30000000

     40.00000000 
     40.00000000 
     35.10000000 
     27.30000000


     40.00000000 
     40.00000000 
     40.00000000 
     35.10000000

     40.00000000 
     40.00000000 
     40.00000000 
     35.10000000

     40.00000000 
     40.00000000 
     40.00000000 
     35.10000000

     40.00000000 
     40.00000000 
     40.00000000 
     35.10000000


     40.00000000 
     40.00000000 
     40.00000000 
     40.00000000

     40.00000000 
     40.00000000 
     40.00000000 
     40.00000000

     40.00000000 
     40.00000000 
     40.00000000 
     40.00000000

     40.00000000 
     40.00000000 
     40.00000000 
     40.00000000


     40.00000000 
     40.00000000 
     32.00000000 
     24.00000000

     40.00000000 
     40.00000000 
     32.00000000 
     24.00000000

     40.00000000 
     40.00000000 
     32.00000000 
     24.00000000

     40.00000000 
     40.00000000 
     32.00000000 
     24.00000000



     23.52000000 
     23.52000000 
     23.52000000 
     23.52000000

     23.52000000 
     23.52000000 
     23.52000000 
     23.52000000

     23.52000000 
     23.52000000 
     23.52000000 
     23.52000000

     23.52000000 
     23.52000000 
     23.52000000 
     23.52000000


     40.00000000 
     36.00000000 
     24.00000000 
      0.01000000

     40.00000000 
     36.00000000 
     24.00000000 
      0.01000000

     40.00000000 
     36.00000000 
     24.00000000 
      0.01000000

     40.00000000 
     36.00000000 
     24.00000000 
      0.01000000


     40.00000000 
     40.00000000 
      0.01000000 
      4.00000000

     40.00000000 
     40.00000000 
      0.01000000 
      4.00000000

     40.00000000 
     40.00000000 
      0.01000000 
      4.00000000

     40.00000000 
     40.00000000 
      0.01000000 
      4.00000000


     40.00000000 
     12.00000000 
     12.00000000 
     12.00000000

     40.00000000 
     12.00000000 
     12.00000000 
     12.00000000

     40.00000000 
     12.00000000 
     12.00000000 
     12.00000000

     40.00000000 
     12.00000000 
     12.00000000 
     12.00000000


     40.00000000 
     24.00000000 
     19.50000000 
     16.00000000

     40.00000000 
     24.00000000 
     19.50000000 
     16.00000000

     40.00000000 
     24.00000000 
     19.50000000 
     16.00000000

     40.00000000 
     24.00000000 
     19.50000000 
     16.00000000


     40.00000000 
     36.00000000 
     24.00000000 
     20.00000000

     40.00000000 
     36.00000000 
     24.00000000 
     20.00000000

     40.00000000 
     36.00000000 
     24.00000000 
     20.00000000

     40.00000000 
     36.00000000 
     24.00000000 
     20.00000000


     40.00000000 
     40.00000000 
     31.20000000 
     24.00000000

     40.00000000 
     40.00000000 
     31.20000000 
     24.00000000

     40.00000000 
     40.00000000 
     31.20000000 
     24.00000000

     40.00000000 
     40.00000000 
     31.20000000 
     24.00000000


     40.00000000 
     40.00000000 
     39.00000000 
     28.00000000

     40.00000000 
     40.00000000 
     39.00000000 
     28.00000000

     40.00000000 
     40.00000000 
     39.00000000 
     28.00000000

     40.00000000 
     40.00000000 
     39.00000000 
     28.00000000


     40.00000000 
     31.20000000 
     40.00000000 
     36.00000000

     40.00000000 
     31.20000000 
     40.00000000 
     36.00000000

     40.00000000 
     31.20000000 
     40.00000000 
     36.00000000

     40.00000000 
     31.20000000 
     40.00000000 
     36.00000000


     40.00000000 
     40.00000000 
     28.00000000 
     40.00000000

     40.00000000 
     40.00000000 
     28.00000000 
     40.00000000

     40.00000000 
     40.00000000 
     28.00000000 
     40.00000000

     40.00000000 
     40.00000000 
     28.00000000 
     40.00000000


     40.00000000 
     40.00000000 
     35.10000000 
     27.30000000

     40.00000000 
     40.00000000 
     35.10000000 
     27.30000000

     40.00000000 
     40.00000000 
     35.10000000 
     27.30000000

     40.00000000 
     40.00000000 
     35.10000000 
     27.30000000



     27.44000000 
     27.44000000 
     27.44000000 
     27.44000000

     27.44000000 
     27.44000000 
     27.44000000 
     27.44000000

     27.44000000 
     27.44000000 
     27.44000000 
     27.44000000

     27.44000000 
     27.44000000 
     27.44000000 
     27.44000000


     40.00000000 
     39.00000000 
     28.00000000 
      0.01000000

     40.00000000 
     39.00000000 
     28.00000000 
      0.01000000

     40.00000000 
     39.00000000 
     28.00000000 
      0.01000000

     40.00000000 
     39.00000000 
     28.00000000 
      0.01000000


     40.00000000 
     40.00000000 
      4.00000000 
      8.00000000

     40.00000000 
     40.00000000 
      4.00000000 
      8.00000000

     40.00000000 
     40.00000000 
      4.00000000 
      8.00000000

     40.00000000 
     40.00000000 
      4.00000000 
      8.00000000


     40.00000000 
     12.00000000 
     16.00000000 
     16.00000000

     40.00000000 
     12.00000000 
     16.00000000 
     16.00000000

     40.00000000 
     12.00000000 
     16.00000000 
     16.00000000

     40.00000000 
     12.00000000 
     16.00000000 
     16.00000000


     40.00000000 
     24.00000000 
     20.00000000 
     19.50000000

     40.00000000 
     24.00000000 
     20.00000000 
     19.50000000

     40.00000000 
     24.00000000 
     20.00000000 
     19.50000000

     40.00000000 
     24.00000000 
     20.00000000 
     19.50000000


     40.00000000 
     39.00000000 
     27.30000000 
     23.40000000

     40.00000000 
     39.00000000 
     27.30000000 
     23.40000000

     40.00000000 
     39.00000000 
     27.30000000 
     23.40000000

     40.00000000 
     39.00000000 
     27.30000000 
     23.40000000


     40.00000000 
     40.00000000 
     32.00000000 
     27.30000000

     40.00000000 
     40.00000000 
     32.00000000 
     27.30000000

     40.00000000 
     40.00000000 
     32.00000000 
     27.30000000

     40.00000000 
     40.00000000 
     32.00000000 
     27.30000000


     40.00000000 
     40.00000000 
     40.00000000 
     31.20000000

     40.00000000 
     40.00000000 
     40.00000000 
     31.20000000

     40.00000000 
     40.00000000 
     40.00000000 
     31.20000000

     40.00000000 
     40.00000000 
     40.00000000 
     31.20000000


     40.00000000 
     35.10000000 
     40.00000000 
     39.99000000

     40.00000000 
     35.10000000 
     40.00000000 
     39.99000000

     40.00000000 
     35.10000000 
     40.00000000 
     39.99000000

     40.00000000 
     35.10000000 
     40.00000000 
     39.99000000


     40.00000000 
     40.00000000 
     31.20000000 
     23.40000000

     40.00000000 
     40.00000000 
     31.20000000 
     23.40000000

     40.00000000 
     40.00000000 
     31.20000000 
     23.40000000

     40.00000000 
     40.00000000 
     31.20000000 
     23.40000000


     40.00000000 
     40.00000000 
     36.00000000 
     31.20000000

     40.00000000 
     40.00000000 
     36.00000000 
     31.20000000

     40.00000000 
     40.00000000 
     36.00000000 
     31.20000000

     40.00000000 
     40.00000000 
     36.00000000 
     31.20000000



     31.36000000 
     31.36000000 
     31.36000000 
     31.36000000

     31.36000000 
     31.36000000 
     31.36000000 
     31.36000000

     31.36000000 
     31.36000000 
     31.36000000 
     31.36000000

     31.36000000 
     31.36000000 
     31.36000000 
     31.36000000


     40.00000000 
     40.00000000 
     32.00000000 
      4.00000000

     40.00000000 
     40.00000000 
     32.00000000 
      4.00000000

     40.00000000 
     40.00000000 
     32.00000000 
      4.00000000

     40.00000000 
     40.00000000 
     32.00000000 
      4.00000000


     40.00000000 
     40.00000000 
      8.00000000 
     12.00000000

     40.00000000 
     40.00000000 
      8.00000000 
     12.00000000

     40.00000000 
     40.00000000 
      8.00000000 
     12.00000000

     40.00000000 
     40.00000000 
      8.00000000 
     12.00000000


     40.00000000 
     16.00000000 
     16.00000000 
     20.00000000

     40.00000000 
     16.00000000 
     19.50000000 
     20.00000000

     40.00000000 
     16.00000000 
     19.50000000 
     20.00000000

     40.00000000 
     16.00000000 
     19.50000000 
     20.00000000


     40.00000000 
     28.00000000 
     23.40000000 
     20.00000000

     40.00000000 
     28.00000000 
     23.40000000 
     20.00000000

     40.00000000 
     28.00000000 
     23.40000000 
     20.00000000

     40.00000000 
     28.00000000 
     23.40000000 
     20.00000000


     40.00000000 
     40.00000000 
     28.00000000 
     24.00000000

     40.00000000 
     40.00000000 
     28.00000000 
     24.00000000

     40.00000000 
     40.00000000 
     28.00000000 
     24.00000000

     40.00000000 
     40.00000000 
     28.00000000 
     24.00000000


     40.00000000 
     40.00000000 
     35.10000000 
     28.00000000

     40.00000000 
     40.00000000 
     35.10000000 
     28.00000000

     40.00000000 
     40.00000000 
     35.10000000 
     28.00000000

     40.00000000 
     40.00000000 
     35.10000000 
     28.00000000


     40.00000000 
     40.00000000 
     40.00000000 
     32.00000000

     40.00000000 
     40.00000000 
     40.00000000 
     32.00000000

     40.00000000 
     40.00000000 
     40.00000000 
     32.00000000

     40.00000000 
     40.00000000 
     40.00000000 
     32.00000000


     40.00000000 
     36.00000000 
     40.00000000 
     20.00000000

     40.00000000 
     36.00000000 
     40.00000000 
     20.00000000

     40.00000000 
     36.00000000 
     40.00000000 
     20.00000000

     40.00000000 
     36.00000000 
     40.00000000 
     20.00000000


     40.00000000 
     40.00000000 
     32.00000000 
     27.30000000

     40.00000000 
     40.00000000 
     32.00000000 
     27.30000000

     40.00000000 
     40.00000000 
     32.00000000 
     27.30000000

     40.00000000 
     40.00000000 
     32.00000000 
     27.30000000


     40.00000000 
     40.00000000 
     39.00000000 
     32.00000000

     40.00000000 
     40.00000000 
     39.00000000 
     32.00000000

     40.00000000 
     40.00000000 
     39.00000000 
     32.00000000

     40.00000000 
     40.00000000 
     39.00000000 
     32.00000000



     35.28000000 
     35.28000000 
     35.28000000 
     35.28000000

     35.28000000 
     35.28000000 
     35.28000000 
     35.28000000

     35.28000000 
     35.28000000 
     35.28000000 
     35.28000000

     35.28000000 
     35.28000000 
     35.28000000 
     35.28000000


     35.28000000 
     35.28000000 
     35.28000000 
     35.28000000

     35.28000000 
     35.28000000 
     35.28000000 
     35.28000000

     35.28000000 
     35.28000000 
     35.28000000 
     35.28000000

     35.28000000 
     35.28000000 
     35.28000000 
     35.28000000


     40.00000000 
     40.00000000 
      8.00000000 
     12.00000000

     40.00000000 
     40.00000000 
      8.00000000 
     12.00000000

     40.00000000 
     40.00000000 
      8.00000000 
     12.00000000

     40.00000000 
     40.00000000 
      8.00000000 
     12.00000000


     40.00000000 
     20.00000000 
     20.00000000 
      0.01000000

     40.00000000 
     20.00000000 
     20.00000000 
      0.01000000

     40.00000000 
     20.00000000 
     20.00000000 
      0.01000000

     40.00000000 
     20.00000000 
     20.00000000 
      0.01000000


     40.00000000 
     31.20000000 
     24.00000000 
     24.00000000

     40.00000000 
     31.20000000 
     24.00000000 
     24.00000000

     40.00000000 
     31.20000000 
     24.00000000 
     24.00000000

     40.00000000 
     31.20000000 
     24.00000000 
     24.00000000


     40.00000000 
     40.00000000 
     31.20000000 
     27.30000000

     40.00000000 
     40.00000000 
     31.20000000 
     27.30000000

     40.00000000 
     40.00000000 
     31.20000000 
     27.30000000

     40.00000000 
     40.00000000 
     31.20000000 
     27.30000000


     40.00000000 
     40.00000000 
     36.00000000 
     31.20000000

     40.00000000 
     40.00000000 
     36.00000000 
     31.20000000

     40.00000000 
     40.00000000 
     36.00000000 
     31.20000000

     40.00000000 
     40.00000000 
     36.00000000 
     31.20000000


     40.00000000 
     40.00000000 
     40.00000000 
     35.10000000

     40.00000000 
     40.00000000 
     40.00000000 
     35.10000000

     40.00000000 
     40.00000000 
     40.00000000 
     35.10000000

     40.00000000 
     40.00000000 
     40.00000000 
     35.10000000


     40.00000000 
     39.00000000 
     27.30000000 
     23.40000000

     40.00000000 
     39.00000000 
     27.30000000 
     23.40000000

     40.00000000 
     39.00000000 
     27.30000000 
     23.40000000

     40.00000000 
     39.00000000 
     27.30000000 
     23.40000000


     40.00000000 
     40.00000000 
     35.10000000 
     28.00000000

     40.00000000 
     40.00000000 
     35.10000000 
     28.00000000

     40.00000000 
     40.00000000 
     35.10000000 
     28.00000000

     40.00000000 
     40.00000000 
     35.10000000 
     28.00000000


     40.00000000 
     40.00000000 
     40.00000000 
     32.00000000

     40.00000000 
     40.00000000 
     40.00000000 
     32.00000000

     40.00000000 
     40.00000000 
     40.00000000 
     32.00000000

     40.00000000 
     40.00000000 
     40.00000000 
     32.00000000



     39.20000000 
     39.20000000 
     39.20000000 
     39.20000000

     39.20000000 
     39.20000000 
     39.20000000 
     39.20000000

     39.20000000 
     39.20000000 
     39.20000000 
     39.20000000

     39.20000000 
     39.20000000 
     39.20000000 
     39.20000000


     39.20000000 
     39.20000000 
     39.20000000 
     39.20000000

     39.20000000 
     39.20000000 
     39.20000000 
     39.20000000

     39.20000000 
     39.20000000 
     39.20000000 
     39.20000000

     39.20000000 
     39.20000000 
     39.20000000 
     39.20000000


     40.00000000 
      0.01000000 
     12.00000000 
     16.00000000

     40.00000000 
      0.01000000 
     12.00000000 
     16.00000000

     40.00000000 
      0.01000000 
     12.00000000 
     16.00000000

     40.00000000 
      0.01000000 
     12.00000000 
     16.00000000


     40.00000000 
     20.00000000 
     24.00000000 
      0.01000000

     40.00000000 
     20.00000000 
     24.00000000 
      0.01000000

     40.00000000 
     20.00000000 
     24.00000000 
      0.01000000

     40.00000000 
     20.00000000 
     24.00000000 
      0.01000000


     40.00000000 
     32.00000000 
     28.00000000 
     27.30000000

     40.00000000 
     32.00000000 
     28.00000000 
     27.30000000

     40.00000000 
     32.00000000 
     28.00000000 
     27.30000000

     40.00000000 
     32.00000000 
     28.00000000 
     27.30000000


     40.00000000 
     40.00000000 
     32.00000000 
     28.00000000

     40.00000000 
     40.00000000 
     32.00000000 
     28.00000000

     40.00000000 
     40.00000000 
     32.00000000 
     28.00000000

     40.00000000 
     40.00000000 
     32.00000000 
     28.00000000


     40.00000000 
     40.00000000 
     39.00000000 
     32.00000000

     40.00000000 
     40.00000000 
     39.00000000 
     32.00000000

     40.00000000 
     40.00000000 
     39.00000000 
     32.00000000

     40.00000000 
     40.00000000 
     39.00000000 
     32.00000000


     40.00000000 
     40.00000000 
     40.00000000 
     19.50000000

     40.00000000 
     40.00000000 
     40.00000000 
     19.50000000

     40.00000000 
     40.00000000 
     40.00000000 
     19.50000000

     40.00000000 
     40.00000000 
     40.00000000 
     19.50000000


     40.00000000 
     40.00000000 
     28.00000000 
     24.00000000

     40.00000000 
     40.00000000 
     28.00000000 
     24.00000000

     40.00000000 
     40.00000000 
     28.00000000 
     24.00000000

     40.00000000 
     40.00000000 
     28.00000000 
     24.00000000


     40.00000000 
     40.00000000 
     36.00000000 
     32.00000000

     40.00000000 
     40.00000000 
     36.00000000 
     32.00000000

     40.00000000 
     40.00000000 
     36.00000000 
     32.00000000

     40.00000000 
     40.00000000 
     36.00000000 
     32.00000000


     40.00000000 
     40.00000000 
     40.00000000 
     36.00000000

     40.00000000 
     40.00000000 
     40.00000000 
     36.00000000

     40.00000000 
     40.00000000 
     40.00000000 
     36.00000000

     40.00000000 
     40.00000000 
     40.00000000 
     36.00000000



