 asset state grid
      0.00000000 
      8.00000000 
     16.00000000 
     24.00000000 
     32.00000000 
     40.00000000 
     48.00000000 
     56.00000000 
     64.00000000 
     72.00000000 
     80.00000000 
 
 asset policy grid
      0.00000000 
      3.63636364 
      7.27272727 
     10.90909091 
     14.54545455 
     18.18181818 
     21.81818182 
     25.45454545 
     29.09090909 
     32.72727273 
     36.36363636 
     40.00000000 
     43.63636364 
     47.27272727 
     50.90909091 
     54.54545455 
     58.18181818 
     61.81818182 
     65.45454545 
     69.09090909 
     72.72727273 
     76.36363636 
     80.00000000 
 
 durable state grid
      0.00000000 
      9.00000000 
     18.00000000 
     27.00000000 
     36.00000000 
     45.00000000 
     54.00000000 
     63.00000000 
     72.00000000 
     81.00000000 
     90.00000000 
 
 durable policy grid
      0.00000000 
      0.01000000 
      8.73000000 
      9.00000000 
     17.46000000 
     18.00000000 
     26.19000000 
     27.00000000 
     34.92000000 
     36.00000000 
     43.65000000 
     45.00000000 
     52.38000000 
     54.00000000 
     61.11000000 
     63.00000000 
     69.84000000 
     72.00000000 
     78.57000000 
     81.00000000 
     87.30000000 
     89.99000000 
     90.00000000 
 
 exchange rate grid
      0.50000000 
      1.00000000 
      2.00000000 
 
 idiosyncratic grid
      0.90000000 
      1.00000000 
      1.10000000 
 
 transition matrix
      0.25000000      0.15000000      0.05000000      0.15000000      0.09000000      0.03000000      0.05000000      0.03000000      0.01000000
      0.20000000      0.25000000      0.25000000      0.12000000      0.15000000      0.15000000      0.04000000      0.05000000      0.05000000
      0.05000000      0.10000000      0.20000000      0.03000000      0.06000000      0.12000000      0.01000000      0.02000000      0.04000000
      0.20000000      0.12000000      0.04000000      0.25000000      0.15000000      0.05000000      0.25000000      0.15000000      0.05000000
      0.16000000      0.20000000      0.20000000      0.20000000      0.25000000      0.25000000      0.20000000      0.25000000      0.25000000
      0.04000000      0.08000000      0.16000000      0.05000000      0.10000000      0.20000000      0.05000000      0.10000000      0.20000000
      0.05000000      0.03000000      0.01000000      0.10000000      0.06000000      0.02000000      0.20000000      0.12000000      0.04000000
      0.04000000      0.05000000      0.05000000      0.08000000      0.10000000      0.10000000      0.16000000      0.20000000      0.20000000
      0.01000000      0.02000000      0.04000000      0.02000000      0.04000000      0.08000000      0.04000000      0.08000000      0.16000000
