   -347.63962290 
   -349.37397676 
   -351.38113365 
   -353.42082753

   -345.33242250 
   -346.77723220 
   -348.42803347 
   -350.02048185

   -343.33562419 
   -344.60115079 
   -346.04375240 
   -347.39248675

   -341.33457831 
   -342.46736773 
   -343.76020149 
   -344.94649095


    -35.78716802 
   -113.80348131 
   -132.76219777 
   -146.09913226

    -35.78715803 
   -113.80235429 
   -132.76106827 
   -146.09800039

    -35.78706090 
   -113.79910568 
   -132.75767252 
   -146.09446902

    -35.78546115 
   -113.76737722 
   -132.72346850 
   -146.05798469


    -13.93056832 
    -41.45000735 
    -62.77702365 
    -72.86973695

    -13.93056575 
    -41.44963035 
    -62.77663066 
    -72.86934382

    -13.93055253 
    -41.44912910 
    -62.77609487 
    -72.86880744

    -13.93037971 
    -41.44843550 
    -62.77532009 
    -72.86802536


     -5.85915471 
    -19.15992379 
    -33.86748811 
    -39.17036895

     -5.85915347 
    -19.15989838 
    -33.86727392 
    -39.17033091

     -5.85915170 
    -19.15986283 
    -33.86698240 
    -39.17027658

     -5.85914792 
    -19.15979515 
    -33.86657122 
    -39.17015611


     -0.62866639 
     -4.72674096 
     -5.80915144 
     -6.58914073

     -0.62865310 
     -4.72528909 
     -5.80769834 
     -6.58768643

     -0.62863472 
     -4.72331656 
     -5.80572290 
     -6.58570931

     -0.62860282 
     -4.72051018 
     -5.80289213 
     -6.58287541


     -0.34629144 
     -1.49515146 
     -2.71355621 
     -3.76100353

     -0.34628858 
     -1.47749243 
     -2.71354400 
     -3.76055558

     -0.34628459 
     -1.45968060 
     -2.71352414 
     -3.75993106

     -0.34627757 
     -1.44221837 
     -2.71344416 
     -3.75880928


     -0.24828833 
     -0.61059509 
     -1.28984154 
     -1.60940209

     -0.24828697 
     -0.61057643 
     -1.28983641 
     -1.60934013

     -0.24828501 
     -0.61055080 
     -1.28982832 
     -1.60925522

     -0.24828055 
     -0.61051035 
     -1.28979936 
     -1.60911837


     -0.17581294 
     -0.33150207 
     -0.46376491 
     -0.65414949

     -0.17579040 
     -0.33133753 
     -0.46357633 
     -0.65413920

     -0.17575999 
     -0.33111803 
     -0.46332420 
     -0.65412501

     -0.17571814 
     -0.33082455 
     -0.46298701 
     -0.65410179


     -0.15326288 
     -0.22884457 
     -0.30229046 
     -0.39308244

     -0.15325949 
     -0.22882893 
     -0.30227546 
     -0.39307779

     -0.15325488 
     -0.22880768 
     -0.30225473 
     -0.39307130

     -0.15324829 
     -0.22877725 
     -0.30221986 
     -0.39305967


     -0.14346069 
     -0.18204385 
     -0.22262891 
     -0.25944944

     -0.14345918 
     -0.18203905 
     -0.22262317 
     -0.25938025

     -0.14345713 
     -0.18203248 
     -0.22261505 
     -0.25928671

     -0.14345418 
     -0.18202245 
     -0.22259869 
     -0.25915531


     -0.13790054 
     -0.15806840 
     -0.18012907 
     -0.19570361

     -0.13789965 
     -0.15806617 
     -0.18012586 
     -0.19569288

     -0.13789843 
     -0.15806311 
     -0.18012139 
     -0.19567818

     -0.13789667 
     -0.15805837 
     -0.18011345 
     -0.19565558



   -339.50444796 
   -333.50113722 
   -334.29841221 
   -249.67623650

   -339.16434371 
   -333.49990917 
   -334.29780673 
   -249.06528267

   -338.74663715 
   -333.47934068 
   -334.27651374 
   -248.37897563

   -316.13103110 
   -333.15165126 
   -333.92304155 
   -247.45424406


    -35.78709356 
   -101.10649909 
   -132.25182691 
   -103.16789102

    -35.78708386 
   -101.10629920 
   -132.25160280 
   -103.16679968

    -35.78698711 
   -101.10588811 
   -132.24943174 
   -103.16531701

    -35.78538788 
   -101.10304556 
   -132.21688205 
   -103.16322132


    -13.93054780 
    -41.25959228 
    -45.49553381 
    -53.19046370

    -13.93054526 
    -41.25957104 
    -45.49435077 
    -53.19007355

    -13.93053209 
    -41.25953878 
    -45.49274818 
    -53.18954265

    -13.93035933 
    -41.25943866 
    -45.49055377 
    -53.18879133


     -5.85914434 
    -15.59998855 
    -23.40597697 
    -27.74085277

     -5.85914311 
    -15.59992056 
    -23.40557085 
    -27.74063960

     -5.85914136 
    -15.59982612 
    -23.40501837 
    -27.74034830

     -5.85913760 
    -15.59965072 
    -23.40423851 
    -27.73991891


     -0.34025573 
     -0.34216596 
     -0.34436857 
     -0.34661585

     -0.34021748 
     -0.34212241 
     -0.34431838 
     -0.34655714

     -0.34016561 
     -0.34206341 
     -0.34425044 
     -0.34647777

     -0.34009140 
     -0.34197931 
     -0.34415399 
     -0.34636568


     -0.28576926 
     -0.28635828 
     -0.28701070 
     -0.28763910

     -0.28575743 
     -0.28634575 
     -0.28699739 
     -0.28762492

     -0.28574133 
     -0.28632869 
     -0.28697928 
     -0.28760565

     -0.28571819 
     -0.28630421 
     -0.28695332 
     -0.28757807


     -0.24827694 
     -0.26519119 
     -0.26555314 
     -0.26589526

     -0.24827559 
     -0.26518478 
     -0.26554648 
     -0.26588834

     -0.24827365 
     -0.26517605 
     -0.26553741 
     -0.26587891

     -0.24826921 
     -0.26516344 
     -0.26552432 
     -0.26586531


     -0.17562846 
     -0.24962942 
     -0.24986414 
     -0.25008434

     -0.17560722 
     -0.24962539 
     -0.24985999 
     -0.25008006

     -0.17557854 
     -0.24961988 
     -0.24985433 
     -0.25007424

     -0.17553901 
     -0.24961192 
     -0.24984614 
     -0.25006583


     -0.15323462 
     -0.22195177 
     -0.23342317 
     -0.23409065

     -0.15323129 
     -0.22191397 
     -0.23340763 
     -0.23407400

     -0.15322675 
     -0.22186287 
     -0.23338651 
     -0.23405136

     -0.15322026 
     -0.22179148 
     -0.23335642 
     -0.23401918


     -0.14344809 
     -0.17572850 
     -0.20008067 
     -0.21379194

     -0.14344660 
     -0.17571957 
     -0.20006644 
     -0.21378430

     -0.14344457 
     -0.17570745 
     -0.20004699 
     -0.21377390

     -0.14344164 
     -0.17569039 
     -0.20001762 
     -0.21375903


     -0.13789307 
     -0.15606910 
     -0.16996083 
     -0.17985898

     -0.13789218 
     -0.15606611 
     -0.16995491 
     -0.17984838

     -0.13789097 
     -0.15606204 
     -0.16994685 
     -0.17983395

     -0.13788923 
     -0.15605615 
     -0.16993524 
     -0.17981353



   -315.82719930 
   -305.77341188 
   -233.67048850 
   -152.51564011

   -315.80978058 
   -305.77326655 
   -233.66936680 
   -152.23479776

   -315.79053757 
   -305.77150605 
   -233.65667851 
   -151.89697667

   -315.74463017 
   -305.74422668 
   -233.46237571 
   -151.47276254


    -35.78702145 
   -101.08117781 
    -90.23350075 
    -73.20227317

    -35.78701203 
   -101.08116374 
    -90.23313003 
    -73.20119799

    -35.78691564 
   -101.08100055 
    -90.23262244 
    -73.19973938

    -35.78531691 
   -101.07848676 
    -90.23185387 
    -73.19771212


    -13.93052756 
    -35.25721349 
    -44.96348445 
    -40.36629389

    -13.93052506 
    -35.25605999 
    -44.96327849 
    -40.36590667

    -13.93051192 
    -35.25449769 
    -44.96299734 
    -40.36538069

    -13.93033923 
    -35.25236410 
    -44.96258758 
    -40.36465092


     -5.85913407 
    -12.87396057 
    -13.89406959 
    -15.78362709

     -5.85913285 
    -12.87342093 
    -13.89280145 
    -15.78341493

     -5.85913111 
    -12.87271003 
    -13.89108019 
    -15.78312090

     -5.85912736 
    -12.87176214 
    -13.88866546 
    -15.78262222


     -0.25413908 
     -0.25734668 
     -0.26138826 
     -0.26611259

     -0.25411198 
     -0.25731111 
     -0.26133867 
     -0.26603652

     -0.25407520 
     -0.25726292 
     -0.26127164 
     -0.26593417

     -0.25402210 
     -0.25719379 
     -0.26117643 
     -0.26579120


     -0.20879509 
     -0.20968427 
     -0.21070285 
     -0.21172372

     -0.20878672 
     -0.20967484 
     -0.21069214 
     -0.21171139

     -0.20877532 
     -0.20966202 
     -0.21067757 
     -0.21169464

     -0.20875889 
     -0.20964360 
     -0.21065670 
     -0.21167075


     -0.19302519 
     -0.19351377 
     -0.19406184 
     -0.19459106

     -0.19302082 
     -0.19350906 
     -0.19405673 
     -0.19458552

     -0.19301487 
     -0.19350264 
     -0.19404978 
     -0.19457796

     -0.19300624 
     -0.19349336 
     -0.19403976 
     -0.19456708


     -0.17545442 
     -0.18174764 
     -0.18209695 
     -0.18242946

     -0.17543435 
     -0.18174470 
     -0.18209384 
     -0.18242616

     -0.17540725 
     -0.18174070 
     -0.18208959 
     -0.18242165

     -0.17536983 
     -0.18173490 
     -0.18208346 
     -0.18241515


     -0.15320684 
     -0.16869508 
     -0.16977011 
     -0.17087214

     -0.15320356 
     -0.16868408 
     -0.16975743 
     -0.17085729

     -0.15319910 
     -0.16866913 
     -0.16974019 
     -0.17083711

     -0.15319271 
     -0.16864777 
     -0.16971565 
     -0.17080853


     -0.14343562 
     -0.15374334 
     -0.15426785 
     -0.15478224

     -0.14343414 
     -0.15373816 
     -0.15426220 
     -0.15477607

     -0.14343213 
     -0.15373110 
     -0.15425452 
     -0.15476767

     -0.14342923 
     -0.15372098 
     -0.15424353 
     -0.15475567


     -0.13788565 
     -0.14407246 
     -0.14439991 
     -0.14471534

     -0.13788477 
     -0.14406931 
     -0.14439657 
     -0.14471178

     -0.13788357 
     -0.14406502 
     -0.14439201 
     -0.14470693

     -0.13788183 
     -0.14405885 
     -0.14438547 
     -0.14469998



   -315.75033533 
   -227.95540070 
   -137.44956618 
   -108.37011750

   -281.45282833 
   -227.84800861 
   -137.31726488 
   -108.20133264

   -279.33966804 
   -227.70150237 
   -137.14929146 
   -107.99223165

   -279.19648976 
   -227.35459606 
   -136.91310289 
   -107.73933880


    -35.78695158 
    -73.16360167 
    -63.10045783 
    -53.51937243

    -35.78694241 
    -73.16256103 
    -63.09940787 
    -53.51831302

    -35.78684637 
    -73.16114862 
    -63.09798372 
    -53.51687715

    -35.78524810 
    -73.15917658 
    -63.09600942 
    -53.51490390


    -13.93050760 
    -27.91875250 
    -34.01282053 
    -27.88853953

    -13.93050512 
    -27.91850465 
    -34.01243795 
    -27.88815519

    -13.93049203 
    -27.91817262 
    -34.01191833 
    -27.88763201

    -13.93031939 
    -27.91770251 
    -34.01119838 
    -27.88688875


     -5.85912388 
    -12.70000737 
    -13.33858775 
     -5.97672996

     -5.85912267 
    -12.69998464 
    -13.33837731 
     -5.97651881

     -5.85912095 
    -12.69995310 
    -13.33808629 
     -5.97622214

     -5.85911722 
    -12.69989711 
    -13.33760272 
     -5.97565623


     -0.22581823 
     -0.23102119 
     -0.23827026 
     -0.24915490

     -0.22579606 
     -0.23098712 
     -0.23820791 
     -0.24898054

     -0.22576591 
     -0.23094089 
     -0.23812378 
     -0.24874908

     -0.22572132 
     -0.23087275 
     -0.23800237 
     -0.24843288


     -0.17691583 
     -0.17808877 
     -0.17948161 
     -0.18094684

     -0.17690899 
     -0.17808057 
     -0.17947153 
     -0.18093405

     -0.17689967 
     -0.17806942 
     -0.17945783 
     -0.18091668

     -0.17688619 
     -0.17805334 
     -0.17943820 
     -0.18089198


     -0.16301578 
     -0.16364722 
     -0.16437037 
     -0.16508544

     -0.16301221 
     -0.16364322 
     -0.16436584 
     -0.16508025

     -0.16300735 
     -0.16363776 
     -0.16435966 
     -0.16507318

     -0.16300028 
     -0.16362987 
     -0.16435075 
     -0.16506302


     -0.15286984 
     -0.15327054 
     -0.15372233 
     -0.15415919

     -0.15286757 
     -0.15326807 
     -0.15371963 
     -0.15415622

     -0.15286447 
     -0.15326470 
     -0.15371595 
     -0.15415217

     -0.15285998 
     -0.15325983 
     -0.15371063 
     -0.15414634


     -0.14013915 
     -0.14134461 
     -0.14279146 
     -0.14423668

     -0.14013126 
     -0.14133497 
     -0.14277932 
     -0.14423471

     -0.14012053 
     -0.14132188 
     -0.14276285 
     -0.14423199

     -0.14010517 
     -0.14130334 
     -0.14273985 
     -0.14422778


     -0.12755129 
     -0.12815036 
     -0.12883803 
     -0.12953269

     -0.12754738 
     -0.12814595 
     -0.12883298 
     -0.12952685

     -0.12754206 
     -0.12813993 
     -0.12882612 
     -0.12951891

     -0.12753439 
     -0.12813130 
     -0.12881629 
     -0.12950759


     -0.11940663 
     -0.11978036 
     -0.12020128 
     -0.12061450

     -0.11940420 
     -0.11977771 
     -0.12019837 
     -0.12061129

     -0.11940090 
     -0.11977410 
     -0.12019440 
     -0.12060691

     -0.11939613 
     -0.11976891 
     -0.12018871 
     -0.12060065



   -279.13133653 
   -223.61136095 
   -132.38683976 
    -77.63629606

   -279.12380701 
   -223.61029196 
   -132.38646693 
    -77.52079367

   -279.11541378 
   -223.59853002 
   -132.38409436 
    -77.37481719

   -279.10352493 
   -223.41901875 
   -132.35127188 
    -77.19400468


    -35.78688382 
    -63.21348632 
    -62.60690441 
    -40.69164291

    -35.78687489 
    -63.21333744 
    -62.60670616 
    -40.69059888

    -35.78677919 
    -63.21313595 
    -62.60643420 
    -40.68918471

    -35.78518136 
    -63.21283360 
    -62.60601653 
    -40.68725563


    -13.93048790 
    -27.89035455 
    -23.74519084 
    -15.93040035

    -13.93048545 
    -27.89034176 
    -23.74407150 
    -15.93001881

    -13.93047240 
    -27.89032253 
    -23.74255472 
    -15.92949530

    -13.93029982 
    -27.89026579 
    -23.74047310 
    -15.92868602


     -5.85911378 
     -9.04497952 
     -5.35474945 
     -4.31600845

     -5.85911258 
     -9.04492290 
     -5.35435420 
     -4.31597392

     -5.85911087 
     -9.04484383 
     -5.35380818 
     -4.31592074

     -5.85910716 
     -9.04469181 
     -5.35290563 
     -4.31574484


     -0.62825372 
     -0.84700071 
     -0.97795945 
     -1.48985575

     -0.62824241 
     -0.84696237 
     -0.97785371 
     -1.24923630

     -0.62822668 
     -0.84665541 
     -0.97716673 
     -1.19931672

     -0.62819834 
     -0.84220805 
     -0.96761967 
     -1.15867736


     -0.16002820 
     -0.16150532 
     -0.16332789 
     -0.16536459

     -0.16002227 
     -0.16149773 
     -0.16331769 
     -0.16534985

     -0.16001419 
     -0.16148739 
     -0.16330382 
     -0.16532985

     -0.16000245 
     -0.16147246 
     -0.16328393 
     -0.16530152


     -0.14681698 
     -0.14759203 
     -0.14849887 
     -0.14941957

     -0.14681389 
     -0.14758842 
     -0.14849457 
     -0.14941435

     -0.14680967 
     -0.14758349 
     -0.14848872 
     -0.14940724

     -0.14680353 
     -0.14757635 
     -0.14848026 
     -0.14939703


     -0.13726792 
     -0.13775146 
     -0.13830480 
     -0.13884890

     -0.13726595 
     -0.13774926 
     -0.13830231 
     -0.13884606

     -0.13726327 
     -0.13774626 
     -0.13829892 
     -0.13884218

     -0.13725937 
     -0.13774190 
     -0.13829401 
     -0.13883660


     -0.12427475 
     -0.12572257 
     -0.12753366 
     -0.12912555

     -0.12426791 
     -0.12571358 
     -0.12752109 
     -0.12912370

     -0.12425861 
     -0.12570137 
     -0.12750405 
     -0.12912116

     -0.12424525 
     -0.12568408 
     -0.12748035 
     -0.12911720


     -0.11270541 
     -0.11343101 
     -0.11428541 
     -0.11517834

     -0.11270202 
     -0.11342702 
     -0.11428060 
     -0.11517239

     -0.11269741 
     -0.11342157 
     -0.11427405 
     -0.11516430

     -0.11269075 
     -0.11341375 
     -0.11426468 
     -0.11515280


     -0.10525031 
     -0.10569664 
     -0.10620802 
     -0.10672065

     -0.10524820 
     -0.10569428 
     -0.10620533 
     -0.10671755

     -0.10524534 
     -0.10569105 
     -0.10620166 
     -0.10671333

     -0.10524120 
     -0.10568641 
     -0.10619640 
     -0.10670730



   -248.83418815 
   -203.43450838 
    -90.53112088 
    -57.41232384

   -248.70504592 
   -203.43439629 
    -90.53018079 
    -57.32696985

   -248.50796986 
   -203.43339087 
    -90.52890307 
    -57.21770439

   -246.03614918 
   -203.41843583 
    -90.52709427 
    -57.08022639


    -35.78681807 
    -57.24905694 
    -45.10199746 
    -28.21039480

    -35.78680938 
    -56.85516951 
    -45.10163622 
    -28.20936575

    -35.78671399 
    -56.39827541 
    -45.10114470 
    -28.20797073

    -35.78511658 
    -55.88533491 
    -45.10045015 
    -28.20605018


    -13.93046845 
    -24.02214832 
    -23.23126981 
     -6.12259921

    -13.93046604 
    -24.02210472 
    -23.23106742 
     -6.12222044

    -13.93045304 
    -24.02204302 
    -23.23079092 
     -6.12169669

    -13.93028051 
    -24.02191314 
    -23.23038462 
     -6.12082337


     -5.85910376 
     -7.30880476 
     -3.62783871 
     -3.30014181

     -5.85910258 
     -7.30848236 
     -3.62776817 
     -3.30010811

     -5.85910088 
     -7.30805197 
     -3.62766831 
     -3.30005815

     -5.85909719 
     -7.30744414 
     -3.62745664 
     -3.29992023


     -0.62816029 
     -1.76652756 
     -1.81173054 
     -1.59553738

     -0.62814940 
     -1.76650312 
     -1.81171984 
     -1.59552904

     -0.62813423 
     -1.76646981 
     -1.81170354 
     -1.59551631

     -0.62810665 
     -1.76641969 
     -1.81165282 
     -1.59547636


     -0.15098708 
     -0.15282201 
     -0.15517992 
     -0.15802771

     -0.15098177 
     -0.15281473 
     -0.15516906 
     -0.15800892

     -0.15097454 
     -0.15280482 
     -0.15515430 
     -0.15798349

     -0.15096394 
     -0.15279040 
     -0.15513305 
     -0.15794764


     -0.13770075 
     -0.13863156 
     -0.13974492 
     -0.14090895

     -0.13769798 
     -0.13862819 
     -0.13974069 
     -0.14090344

     -0.13769421 
     -0.13862359 
     -0.13973494 
     -0.14089593

     -0.13768869 
     -0.13861691 
     -0.13972659 
     -0.14088514


     -0.12823143 
     -0.12879952 
     -0.12945948 
     -0.13012014

     -0.12822967 
     -0.12879749 
     -0.12945710 
     -0.13011730

     -0.12822727 
     -0.12879472 
     -0.12945386 
     -0.13011344

     -0.12822377 
     -0.12879070 
     -0.12944917 
     -0.13010787


     -0.11414252 
     -0.11586434 
     -0.11813107 
     -0.12002146

     -0.11413640 
     -0.11585564 
     -0.11811731 
     -0.12001966

     -0.11412807 
     -0.11584383 
     -0.11809868 
     -0.12001720

     -0.11411606 
     -0.11582710 
     -0.11807282 
     -0.12001333


     -0.10300927 
     -0.10386439 
     -0.10489860 
     -0.10602296

     -0.10300624 
     -0.10386066 
     -0.10489383 
     -0.10601658

     -0.10300211 
     -0.10385557 
     -0.10488733 
     -0.10600789

     -0.10299613 
     -0.10384823 
     -0.10487804 
     -0.10599558


     -0.09590491 
     -0.09642219 
     -0.09702544 
     -0.09764427

     -0.09590303 
     -0.09642000 
     -0.09702286 
     -0.09764116

     -0.09590047 
     -0.09641702 
     -0.09701935 
     -0.09763693

     -0.09589676 
     -0.09641273 
     -0.09701430 
     -0.09763088



   -248.59251444 
   -116.59114655 
    -66.20670916 
    -44.17758252

   -248.58655343 
   -116.54949142 
    -66.15508330 
    -44.11121456

   -248.43706113 
   -116.49325127 
    -66.08789181 
    -44.02549203

   -245.99110733 
   -116.39306788 
    -66.00155115 
    -43.91643511


    -35.78675424 
    -49.83814231 
    -34.35938829 
    -16.24882606

    -35.78674577 
    -49.83716113 
    -34.35934126 
    -16.24781161

    -35.78665068 
    -49.83583058 
    -34.35927512 
    -16.24643218

    -35.78505368 
    -49.83399370 
    -34.35914339 
    -16.24446705


    -13.93044927 
    -19.89159983 
    -13.48075667 
     -4.91610444

    -13.93044688 
    -19.89142118 
    -13.48038398 
     -4.91572841

    -13.93043392 
    -19.89118102 
    -13.47987315 
     -4.91520482

    -13.93026145 
    -19.89084027 
    -13.47909204 
     -4.91427565


     -5.85909383 
     -7.27643371 
     -3.60994777 
     -2.28427941

     -5.85909266 
     -7.27642048 
     -3.60994330 
     -2.28424650

     -5.85909097 
     -7.27640000 
     -3.60993237 
     -2.28419973

     -5.85908730 
     -7.27633131 
     -3.60984001 
     -2.28409972


     -0.62807028 
     -1.67889202 
     -1.30890701 
     -0.91520166

     -0.62805978 
     -1.67882833 
     -1.30882311 
     -0.91519341

     -0.62804514 
     -1.67874180 
     -1.30870914 
     -0.91518169

     -0.62801827 
     -1.67861143 
     -1.30853832 
     -0.91515730


     -0.14783789 
     -0.15014110 
     -0.15322841 
     -0.15736752

     -0.14783304 
     -0.15013395 
     -0.15321633 
     -0.15734027

     -0.14782642 
     -0.15012420 
     -0.15319992 
     -0.15730347

     -0.14781663 
     -0.15010985 
     -0.15317609 
     -0.15725192


     -0.13365705 
     -0.13477078 
     -0.13613319 
     -0.13760416

     -0.13365452 
     -0.13476757 
     -0.13612892 
     -0.13759809

     -0.13365107 
     -0.13476318 
     -0.13612310 
     -0.13758983

     -0.13364601 
     -0.13475677 
     -0.13611462 
     -0.13757794


     -0.12318788 
     -0.12415048 
     -0.12499071 
     -0.12582698

     -0.12316589 
     -0.12414856 
     -0.12498838 
     -0.12582407

     -0.12313619 
     -0.12414592 
     -0.12498519 
     -0.12582009

     -0.12309496 
     -0.12414140 
     -0.12498026 
     -0.12581426


     -0.10742246 
     -0.10946923 
     -0.11232886 
     -0.11472298

     -0.10741687 
     -0.10946061 
     -0.11231298 
     -0.11472120

     -0.10740925 
     -0.10944890 
     -0.11229151 
     -0.11471874

     -0.10739822 
     -0.10943229 
     -0.11226184 
     -0.11471481


     -0.09628076 
     -0.09727437 
     -0.09851024 
     -0.09991777

     -0.09627800 
     -0.09727079 
     -0.09850538 
     -0.09991059

     -0.09627422 
     -0.09726592 
     -0.09849875 
     -0.09990084

     -0.09626874 
     -0.09725889 
     -0.09848926 
     -0.09988704


     -0.08929966 
     -0.08988857 
     -0.09058808 
     -0.09132424

     -0.08929794 
     -0.08988651 
     -0.09058555 
     -0.09132102

     -0.08929559 
     -0.08988371 
     -0.09058210 
     -0.09131664

     -0.08929220 
     -0.08987965 
     -0.09057714 
     -0.09131039



   -224.80117022 
   -113.72276662 
    -62.73912065 
    -31.37620791

   -224.78164066 
   -113.72185170 
    -62.73877883 
    -31.32270011

   -224.76511177 
   -113.71888957 
    -62.73831234 
    -31.25313045

   -224.74979531 
   -113.68754740 
    -62.73763132 
    -31.16386442


    -35.78669223 
    -41.43315884 
    -29.04631232 
     -6.43765789

    -35.78668397 
    -41.43304174 
    -28.86897199 
     -6.43665769

    -35.78658917 
    -41.43288237 
    -28.64992741 
     -6.43529351

    -35.78499255 
    -41.43263373 
    -28.38599845 
     -6.43328522


    -13.93043033 
    -19.15821340 
     -5.68076128 
     -3.70962451

    -13.93042798 
    -19.15819588 
     -5.67970001 
     -3.70925119

    -13.93041505 
    -19.15817097 
     -5.67825341 
     -3.70872773

    -13.93024264 
    -19.15811754 
     -5.67613489 
     -3.70774262


     -5.85908399 
     -4.62286209 
     -2.71242525 
     -1.60381354

     -5.85908282 
     -4.62173330 
     -2.71241538 
     -1.60378139

     -5.85908115 
     -4.62019680 
     -2.71239867 
     -1.60373652

     -5.85907750 
     -4.61797757 
     -2.71232295 
     -1.60365328


     -0.62798348 
     -1.34391334 
     -1.28934366 
     -0.65299710

     -0.62797335 
     -1.34346979 
     -1.28933912 
     -0.65298893

     -0.62795922 
     -1.34288312 
     -1.28933184 
     -0.65297760

     -0.62793301 
     -1.34209602 
     -1.28930397 
     -0.65295824


     -0.15184178 
     -0.15487102 
     -0.15910390 
     -0.16570179

     -0.15183729 
     -0.15486387 
     -0.15908987 
     -0.16565229

     -0.15183114 
     -0.15485410 
     -0.15907076 
     -0.16558584

     -0.15182183 
     -0.15483927 
     -0.15904242 
     -0.16549366


     -0.13531060 
     -0.13666761 
     -0.13836510 
     -0.14026029

     -0.13530826 
     -0.13666450 
     -0.13836069 
     -0.14025332

     -0.13530506 
     -0.13666026 
     -0.13835467 
     -0.14024384

     -0.13530033 
     -0.13665398 
     -0.13834582 
     -0.14023013


     -0.11983997 
     -0.12289294 
     -0.12428169 
     -0.12555895

     -0.11981956 
     -0.12289111 
     -0.12427938 
     -0.12555589

     -0.11979200 
     -0.12288858 
     -0.12427620 
     -0.12555171

     -0.11975372 
     -0.12288427 
     -0.12427131 
     -0.12554559


     -0.10311314 
     -0.10556516 
     -0.10923109 
     -0.11243663

     -0.10310795 
     -0.10555645 
     -0.10921169 
     -0.11243483

     -0.10310089 
     -0.10554462 
     -0.10918551 
     -0.11243233

     -0.10309058 
     -0.10552779 
     -0.10914946 
     -0.11242829


     -0.09150972 
     -0.09265761 
     -0.09412791 
     -0.09589817

     -0.09150715 
     -0.09265414 
     -0.09412284 
     -0.09588970

     -0.09150366 
     -0.09264941 
     -0.09411593 
     -0.09587822

     -0.09149855 
     -0.09264254 
     -0.09410600 
     -0.09586202


     -0.08445685 
     -0.08512001 
     -0.08592275 
     -0.08679203

     -0.08445525 
     -0.08511804 
     -0.08592022 
     -0.08678861

     -0.08445308 
     -0.08511535 
     -0.08591678 
     -0.08678396

     -0.08444993 
     -0.08511147 
     -0.08591182 
     -0.08677735



   -224.73383106 
   -101.09607089 
    -45.38904603 
    -19.15459937

   -224.73109262 
   -101.09598493 
    -45.38814968 
    -19.11027545

   -200.92354587 
   -101.09572517 
    -45.38693430 
    -19.05235022

   -197.47874950 
   -101.09308212 
    -45.38526188 
    -18.97747432


    -35.78663196 
    -38.84256304 
    -23.36686384 
     -5.22785697

    -35.78662391 
    -38.77016858 
    -23.36651164 
     -5.22687069

    -35.78652937 
    -38.67693497 
    -23.36603218 
     -5.22552178

    -35.78493312 
    -38.55875297 
    -23.36535111 
     -5.22347796


    -13.93041164 
    -15.59587501 
     -5.18386905 
     -2.96946146

    -13.93040931 
    -15.59583703 
     -5.18367002 
     -2.96909095

    -13.93039643 
    -15.59578274 
     -5.18338982 
     -2.96857905

    -13.93022406 
    -15.59566080 
     -5.18284710 
     -2.96773298


     -5.85907422 
     -2.71948667 
     -1.82431853 
     -0.92335160

     -5.85907307 
     -2.71926678 
     -1.82425666 
     -0.92332017

     -5.85907141 
     -2.71897021 
     -1.82417149 
     -0.92327717

     -5.85906777 
     -2.71852475 
     -1.82402837 
     -0.92321064


     -0.62789972 
     -1.27075800 
     -0.77462345 
     -0.49532563

     -0.62788993 
     -1.27069349 
     -0.77461316 
     -0.49531753

     -0.62787626 
     -1.27060688 
     -0.77459877 
     -0.49530643

     -0.62785069 
     -1.26960607 
     -0.77457195 
     -0.49528949


     -0.17484977 
     -0.17955556 
     -0.18634634 
     -0.19996321

     -0.17484556 
     -0.17954831 
     -0.18632917 
     -0.19980061

     -0.17483976 
     -0.17953827 
     -0.18630558 
     -0.19958655

     -0.17483014 
     -0.17952090 
     -0.18626667 
     -0.19929745


     -0.15101247 
     -0.15281522 
     -0.15511672 
     -0.15775194

     -0.15101028 
     -0.15281217 
     -0.15511208 
     -0.15774357

     -0.15100728 
     -0.15280800 
     -0.15510572 
     -0.15773216

     -0.15100275 
     -0.15280160 
     -0.15509594 
     -0.15771507


     -0.12258651 
     -0.13057264 
     -0.13314411 
     -0.13532032

     -0.12256737 
     -0.13057088 
     -0.13314177 
     -0.13531702

     -0.12254153 
     -0.13056843 
     -0.13313857 
     -0.13531253

     -0.12250559 
     -0.13056428 
     -0.13313365 
     -0.13530597


     -0.10169411 
     -0.10490455 
     -0.11005279 
     -0.11613303

     -0.10168926 
     -0.10489560 
     -0.11002729 
     -0.11613117

     -0.10168264 
     -0.10488346 
     -0.10999295 
     -0.11612859

     -0.10167287 
     -0.10486609 
     -0.10994590 
     -0.11612433


     -0.08819381 
     -0.08952174 
     -0.09127538 
     -0.09353523

     -0.08819141 
     -0.08951833 
     -0.09126997 
     -0.09352467

     -0.08818813 
     -0.08951368 
     -0.09126261 
     -0.09351037

     -0.08818333 
     -0.08950689 
     -0.09125200 
     -0.09349024


     -0.08085702 
     -0.08159890 
     -0.08251465 
     -0.08353864

     -0.08085553 
     -0.08159700 
     -0.08251208 
     -0.08353493

     -0.08085350 
     -0.08159440 
     -0.08250859 
     -0.08352988

     -0.08085054 
     -0.08159063 
     -0.08250356 
     -0.08352270



   -197.30912711 
    -75.27716512 
    -36.70098658 
     -9.12697832

   -197.30100427 
    -75.25375427 
    -36.67189916 
     -9.08948181

   -197.29229767 
    -75.22275329 
    -36.63353421 
     -9.04027782

   -197.27450864 
    -75.18198475 
    -36.58339680 
     -8.97626978


    -35.78657336 
    -35.17329077 
    -13.78060963 
     -4.01813019

    -35.78656549 
    -35.17236360 
    -13.77966020 
     -4.01715751

    -35.78647121 
    -35.17110699 
    -13.77836931 
     -4.01582343

    -35.78487531 
    -35.16938551 
    -13.77653459 
     -4.01374351


    -13.93039318 
    -12.85230901 
     -3.61315360 
     -2.22931289

    -13.93039089 
    -12.85217243 
     -3.61314445 
     -2.22894515

    -13.93037804 
    -12.85198795 
     -3.61312719 
     -2.22844479

    -13.93020573 
    -12.85171883 
     -3.61302627 
     -2.22773768


     -5.85906454 
     -2.69276977 
     -1.80761059 
     -0.66102418

     -5.85906339 
     -2.69275719 
     -1.80760626 
     -0.66099345

     -5.85906175 
     -2.69273688 
     -1.80759857 
     -0.66095166

     -5.85905813 
     -2.69265721 
     -1.80755951 
     -0.66089128


     -0.62781880 
     -1.15748454 
     -0.58029899 
     -0.39547194

     -0.62780935 
     -1.15743111 
     -0.58022650 
     -0.39546391

     -0.62779612 
     -1.15735897 
     -0.58012867 
     -0.39545286

     -0.62777114 
     -1.15725849 
     -0.57999362 
     -0.39543504


     -0.34608874 
     -0.49142451 
     -0.35173676 
     -0.27901236

     -0.34608623 
     -0.49134810 
     -0.35172599 
     -0.27900835

     -0.34608273 
     -0.49124595 
     -0.35171119 
     -0.27900248

     -0.34607635 
     -0.49110935 
     -0.35168786 
     -0.27898747


     -0.24818946 
     -0.28947856 
     -0.25332230 
     -0.20297767

     -0.24818820 
     -0.28944999 
     -0.25331752 
     -0.20294460

     -0.24818638 
     -0.28941102 
     -0.25331054 
     -0.20289975

     -0.24818212 
     -0.28935161 
     -0.25329316 
     -0.20283656


     -0.17446144 
     -0.20933853 
     -0.19225343 
     -0.17230324

     -0.17444726 
     -0.20932954 
     -0.19225060 
     -0.17230150

     -0.17442808 
     -0.20931727 
     -0.19224657 
     -0.17229909

     -0.17440122 
     -0.20929912 
     -0.19223804 
     -0.17229492


     -0.15302456 
     -0.17191438 
     -0.16589833 
     -0.16377357

     -0.15302163 
     -0.17191141 
     -0.16589641 
     -0.16377281

     -0.15301764 
     -0.17190734 
     -0.16589376 
     -0.16377176

     -0.15301189 
     -0.17190123 
     -0.16588949 
     -0.16377014


     -0.08611848 
     -0.08766959 
     -0.08978320 
     -0.09274999

     -0.08611621 
     -0.08766620 
     -0.08977732 
     -0.09273576

     -0.08611312 
     -0.08766158 
     -0.08976931 
     -0.09271652

     -0.08610854 
     -0.08765476 
     -0.08975769 
     -0.09268957


     -0.07820803 
     -0.07903528 
     -0.08007712 
     -0.08128533

     -0.07820663 
     -0.07903342 
     -0.08007449 
     -0.08128119

     -0.07820471 
     -0.07903088 
     -0.08007090 
     -0.08127556

     -0.07820191 
     -0.07902719 
     -0.08006573 
     -0.08126757



   -178.56024086 
    -73.08737813 
    -33.97587635 
     -5.95166165

   -178.46898342 
    -73.08653026 
    -33.97554281 
     -5.95147307

   -175.19878620 
    -73.08537831 
    -33.97508959 
     -5.95120697

   -175.10012489 
    -73.08375754 
    -33.97445949 
     -5.95068247


    -35.78651633 
    -27.90637737 
     -9.00343534 
     -3.27477807

    -35.78650865 
    -27.90628216 
     -8.94349159 
     -3.27381882

    -35.78641462 
    -27.90615228 
     -8.86580739 
     -3.27251064

    -35.78481905 
    -27.90594759 
     -8.76642682 
     -3.27058907


    -13.93037496 
    -12.69845874 
     -2.72314447 
     -1.59202789

    -13.93037269 
    -12.69844270 
     -2.72309641 
     -1.59202424

    -13.93035988 
    -12.69842017 
     -2.72302824 
     -1.59201786

    -13.93018762 
    -12.69837628 
     -2.72288336 
     -1.59198650


     -5.85905494 
     -2.19596915 
     -1.29266039 
     -0.50323309

     -5.85905380 
     -2.19592763 
     -1.29265089 
     -0.50320302

     -5.85905217 
     -2.19587009 
     -1.29263690 
     -0.50316227

     -5.85904857 
     -2.19576759 
     -1.29259996 
     -0.50310536


     -0.62774059 
     -0.98732282 
     -0.56214620 
     -0.33416357

     -0.62773144 
     -0.98704303 
     -0.56214177 
     -0.33415561

     -0.62771864 
     -0.98667018 
     -0.56213552 
     -0.33414446

     -0.62769422 
     -0.98616498 
     -0.56212332 
     -0.33412359


     -0.34606780 
     -0.45151045 
     -0.31406345 
     -0.24034815

     -0.34606532 
     -0.45148692 
     -0.31400211 
     -0.24034417

     -0.34606187 
     -0.45145500 
     -0.31391903 
     -0.24033841

     -0.34605555 
     -0.45140943 
     -0.31380061 
     -0.24032474


     -0.24817895 
     -0.27218411 
     -0.22588243 
     -0.18701467

     -0.24817771 
     -0.27212929 
     -0.22587113 
     -0.18698235

     -0.24817591 
     -0.27205539 
     -0.22585549 
     -0.18693862

     -0.24817167 
     -0.27195439 
     -0.22582897 
     -0.18687874


     -0.17434466 
     -0.20410294 
     -0.18173910 
     -0.16716640

     -0.17433109 
     -0.20409219 
     -0.18173419 
     -0.16716334

     -0.17431272 
     -0.20407755 
     -0.18172741 
     -0.16715917

     -0.17428696 
     -0.20405635 
     -0.18171636 
     -0.16715328


     -0.15300013 
     -0.16836503 
     -0.16116991 
     -0.15991124

     -0.15299725 
     -0.16835887 
     -0.16116723 
     -0.15990999

     -0.15299332 
     -0.16835049 
     -0.16116358 
     -0.15990828

     -0.15298765 
     -0.16833836 
     -0.16115844 
     -0.15990560


     -0.08533411 
     -0.08718806 
     -0.08979480 
     -0.09388790

     -0.08533197 
     -0.08718468 
     -0.08978826 
     -0.09386633

     -0.08532903 
     -0.08718005 
     -0.08977937 
     -0.09383724

     -0.08532461 
     -0.08717309 
     -0.08976626 
     -0.09379670


     -0.07635683 
     -0.07727885 
     -0.07846426 
     -0.07989750

     -0.07635549 
     -0.07727702 
     -0.07846153 
     -0.07989275

     -0.07635367 
     -0.07727453 
     -0.07845781 
     -0.07988631

     -0.07635101 
     -0.07727089 
     -0.07845243 
     -0.07987719



