wealth state grid (w)
      0.00000000 
    714.28571429 
   1428.57142857 
   2142.85714286 
   2857.14285714 
   3571.42857143 
   4285.71428571 
   5000.00000000 
   5714.28571429 
   6428.57142857 
   7142.85714286 
   7857.14285714 
   8571.42857143 
   9285.71428571 
  10000.00000000 

wealth policy grid (wp)
      0.00000000 
    500.00000000 
   1000.00000000 
   1500.00000000 
   2000.00000000 
   2500.00000000 
   3000.00000000 
   3500.00000000 
   4000.00000000 
   4500.00000000 
   5000.00000000 
   5500.00000000 
   6000.00000000 
   6500.00000000 
   7000.00000000 
   7500.00000000 
   8000.00000000 
   8500.00000000 
   9000.00000000 
   9500.00000000 
  10000.00000000 

durable state grid (d)
      0.00000000 
     40.00000000 
     80.00000000 
    120.00000000 
    160.00000000 
    200.00000000 
    240.00000000 
    280.00000000 
    320.00000000 
    360.00000000 
    400.00000000 

portfolio share grid (s)
      0.00000000 
      0.07142857 
      0.14285714 
      0.21428571 
      0.28571429 
      0.35714286 
      0.42857143 
      0.50000000 
      0.57142857 
      0.64285714 
      0.71428571 
      0.78571429 
      0.85714286 
      0.92857143 
      1.00000000 

exchange rate grid (e)
      0.41539827 
      0.55672807 
      0.74614213 
      1.00000000 
      1.34022723 
      1.79620904 
      2.40732827 

income grid (y)
      0.63202175 
      0.73646936 
      0.85817793 
      1.00000000 
      1.16525952 
      1.35782974 
      1.58222402 

transition matrix (z' × z), z=(e,y)
      0.15877954      0.12294997      0.08952522      0.06100844      0.03875804      0.02288062      0.01251906      0.06266266      0.04852245      0.03533130      0.02407710      0.01529593      0.00902988      0.00494067      0.01731600      0.01340854      0.00976334      0.00665339      0.00422683      0.00249529      0.00136529      0.00326986      0.00253200      0.00184366      0.00125639      0.00079817      0.00047120      0.00025781      0.00041539      0.00032165      0.00023421      0.00015961      0.00010140      0.00005986      0.00003275      0.00003514      0.00002721      0.00001981      0.00001350      0.00000858      0.00000506      0.00000277      0.00000197      0.00000152      0.00000111      0.00000076      0.00000048      0.00000028      0.00000015
      0.03885095      0.03982528      0.03734135      0.03202544      0.02512310      0.01802701      0.01183164      0.01533260      0.01571712      0.01473684      0.01263890      0.00991488      0.00711439      0.00466938      0.00423696      0.00434322      0.00407233      0.00349259      0.00273985      0.00196597      0.00129032      0.00080009      0.00082015      0.00076900      0.00065952      0.00051738      0.00037124      0.00024366      0.00010164      0.00010419      0.00009769      0.00008378      0.00006573      0.00004716      0.00003095      0.00000860      0.00000881      0.00000826      0.00000709      0.00000556      0.00000399      0.00000262      0.00000048      0.00000049      0.00000046      0.00000040      0.00000031      0.00000022      0.00000015
      0.03404314      0.03853150      0.03989110      0.03777549      0.03272036      0.02592383      0.01878680      0.01343519      0.01520653      0.01574310      0.01490817      0.01291315      0.01023089      0.00741425      0.00371264      0.00420213      0.00435040      0.00411968      0.00356838      0.00282717      0.00204883      0.00070108      0.00079351      0.00082151      0.00077794      0.00067383      0.00053387      0.00038689      0.00008906      0.00010080      0.00010436      0.00009883      0.00008560      0.00006782      0.00004915      0.00000753      0.00000853      0.00000883      0.00000836      0.00000724      0.00000574      0.00000416      0.00000042      0.00000048      0.00000049      0.00000047      0.00000040      0.00000032      0.00000023
      0.02672066      0.03339357      0.03817263      0.03991306      0.03817263      0.03339357      0.02672066      0.01054536      0.01317884      0.01506490      0.01575177      0.01506490      0.01317884      0.01054536      0.00291407      0.00364180      0.00416299      0.00435279      0.00416299      0.00364180      0.00291407      0.00055028      0.00068770      0.00078612      0.00082196      0.00078612      0.00068770      0.00055028      0.00006990      0.00008736      0.00009986      0.00010442      0.00009986      0.00008736      0.00006990      0.00000591      0.00000739      0.00000845      0.00000883      0.00000845      0.00000739      0.00000591      0.00000033      0.00000041      0.00000047      0.00000049      0.00000047      0.00000041      0.00000033
      0.01878680      0.02592383      0.03272036      0.03777549      0.03989110      0.03853150      0.03404314      0.00741425      0.01023089      0.01291315      0.01490817      0.01574310      0.01520653      0.01343519      0.00204883      0.00282717      0.00356838      0.00411968      0.00435040      0.00420213      0.00371264      0.00038689      0.00053387      0.00067383      0.00077794      0.00082151      0.00079351      0.00070108      0.00004915      0.00006782      0.00008560      0.00009883      0.00010436      0.00010080      0.00008906      0.00000416      0.00000574      0.00000724      0.00000836      0.00000883      0.00000853      0.00000753      0.00000023      0.00000032      0.00000040      0.00000047      0.00000049      0.00000048      0.00000042
      0.01183164      0.01802701      0.02512310      0.03202544      0.03734135      0.03982528      0.03885095      0.00466938      0.00711439      0.00991488      0.01263890      0.01473684      0.01571712      0.01533260      0.00129032      0.00196597      0.00273985      0.00349259      0.00407233      0.00434322      0.00423696      0.00024366      0.00037124      0.00051738      0.00065952      0.00076900      0.00082015      0.00080009      0.00003095      0.00004716      0.00006573      0.00008378      0.00009769      0.00010419      0.00010164      0.00000262      0.00000399      0.00000556      0.00000709      0.00000826      0.00000881      0.00000860      0.00000015      0.00000022      0.00000031      0.00000040      0.00000046      0.00000049      0.00000048
      0.01251906      0.02288062      0.03875804      0.06100844      0.08952522      0.12294997      0.15877954      0.00494067      0.00902988      0.01529593      0.02407710      0.03533130      0.04852245      0.06266266      0.00136529      0.00249529      0.00422683      0.00665339      0.00976334      0.01340854      0.01731600      0.00025781      0.00047120      0.00079817      0.00125639      0.00184366      0.00253200      0.00326986      0.00003275      0.00005986      0.00010140      0.00015961      0.00023421      0.00032165      0.00041539      0.00000277      0.00000506      0.00000858      0.00001350      0.00001981      0.00002721      0.00003514      0.00000015      0.00000028      0.00000048      0.00000076      0.00000111      0.00000152      0.00000197
      0.20160218      0.15610942      0.11367005      0.07746233      0.04921103      0.02905150      0.01589544      0.16301553      0.12623008      0.09191361      0.06263605      0.03979204      0.02349104      0.01285305      0.08823846      0.06832691      0.04975179      0.03390418      0.02153898      0.01271544      0.00695721      0.03190924      0.02470872      0.01799149      0.01226060      0.00778903      0.00459822      0.00251590      0.00768669      0.00595214      0.00433402      0.00295349      0.00187632      0.00110768      0.00060606      0.00122927      0.00095188      0.00069310      0.00047233      0.00030006      0.00017714      0.00009692      0.00013005      0.00010070      0.00007333      0.00004997      0.00003175      0.00001874      0.00001025
      0.04932900      0.05056610      0.04741227      0.04066266      0.03189877      0.02288887      0.01502261      0.03988743      0.04088775      0.03833756      0.03287982      0.02579335      0.01850794      0.01214729      0.02159061      0.02213208      0.02075169      0.01779748      0.01396165      0.01001814      0.00657519      0.00780771      0.00800351      0.00750433      0.00643601      0.00504888      0.00362281      0.00237775      0.00188082      0.00192799      0.00180774      0.00155039      0.00121624      0.00087271      0.00057278      0.00030078      0.00030833      0.00028910      0.00024794      0.00019450      0.00013956      0.00009160      0.00003182      0.00003262      0.00003059      0.00002623      0.00002058      0.00001477      0.00000969
      0.04322454      0.04892339      0.05064967      0.04796349      0.04154500      0.03291546      0.02385357      0.03495136      0.03955945      0.04095533      0.03878328      0.03359328      0.02661544      0.01928800      0.01891878      0.02141308      0.02216865      0.02099295      0.01818366      0.01440664      0.01044038      0.00684150      0.00774351      0.00801674      0.00759158      0.00657567      0.00520980      0.00377550      0.00164807      0.00186535      0.00193117      0.00182875      0.00158403      0.00125500      0.00090949      0.00026356      0.00029831      0.00030884      0.00029246      0.00025332      0.00020070      0.00014545      0.00002788      0.00003156      0.00003267      0.00003094      0.00002680      0.00002123      0.00001539
      0.03392718      0.04239978      0.04846773      0.05067756      0.04846773      0.04239978      0.03392718      0.02743352      0.03428446      0.03919101      0.04097788      0.03919101      0.03428446      0.02743352      0.01484945      0.01855779      0.02121365      0.02218086      0.02121365      0.01855779      0.01484945      0.00536993      0.00671096      0.00767139      0.00802115      0.00767139      0.00671096      0.00536993      0.00129358      0.00161662      0.00184798      0.00193224      0.00184798      0.00161662      0.00129358      0.00020687      0.00025853      0.00029553      0.00030901      0.00029553      0.00025853      0.00020687      0.00002189      0.00002735      0.00003127      0.00003269      0.00003127      0.00002735      0.00002189
      0.02385357      0.03291546      0.04154500      0.04796349      0.05064967      0.04892339      0.04322454      0.01928800      0.02661544      0.03359328      0.03878328      0.04095533      0.03955945      0.03495136      0.01044038      0.01440664      0.01818366      0.02099295      0.02216865      0.02141308      0.01891878      0.00377550      0.00520980      0.00657567      0.00759158      0.00801674      0.00774351      0.00684150      0.00090949      0.00125500      0.00158403      0.00182875      0.00193117      0.00186535      0.00164807      0.00014545      0.00020070      0.00025332      0.00029246      0.00030884      0.00029831      0.00026356      0.00001539      0.00002123      0.00002680      0.00003094      0.00003267      0.00003156      0.00002788
      0.01502261      0.02288887      0.03189877      0.04066266      0.04741227      0.05056610      0.04932900      0.01214729      0.01850794      0.02579335      0.03287982      0.03833756      0.04088775      0.03988743      0.00657519      0.01001814      0.01396165      0.01779748      0.02075169      0.02213208      0.02159061      0.00237775      0.00362281      0.00504888      0.00643601      0.00750433      0.00800351      0.00780771      0.00057278      0.00087271      0.00121624      0.00155039      0.00180774      0.00192799      0.00188082      0.00009160      0.00013956      0.00019450      0.00024794      0.00028910      0.00030833      0.00030078      0.00000969      0.00001477      0.00002058      0.00002623      0.00003059      0.00003262      0.00003182
      0.01589544      0.02905150      0.04921103      0.07746233      0.11367005      0.15610942      0.20160218      0.01285305      0.02349104      0.03979204      0.06263605      0.09191361      0.12623008      0.16301553      0.00695721      0.01271544      0.02153898      0.03390418      0.04975179      0.06832691      0.08823846      0.00251590      0.00459822      0.00778903      0.01226060      0.01799149      0.02470872      0.03190924      0.00060606      0.00110768      0.00187632      0.00295349      0.00433402      0.00595214      0.00768669      0.00009692      0.00017714      0.00030006      0.00047233      0.00069310      0.00095188      0.00122927      0.00001025      0.00001874      0.00003175      0.00004997      0.00007333      0.00010070      0.00013005
      0.12963105      0.10037902      0.07309032      0.04980861      0.03164290      0.01868024      0.01022083      0.19236663      0.14895793      0.10846274      0.07391373      0.04695663      0.02772063      0.01516726      0.19120269      0.14805664      0.10780647      0.07346650      0.04667252      0.02755290      0.01507548      0.12728951      0.09856586      0.07177008      0.04890891      0.03107133      0.01834281      0.01003621      0.05667967      0.04388956      0.03195790      0.02177824      0.01383549      0.00816772      0.00446894      0.01683903      0.01303920      0.00949441      0.00647012      0.00411040      0.00242656      0.00132768      0.00332713      0.00257634      0.00187595      0.00127839      0.00081215      0.00047945      0.00026233
      0.03171875      0.03251422      0.03048629      0.02614626      0.02051104      0.01471764      0.00965960      0.04706920      0.04824963      0.04524028      0.03879987      0.03043746      0.02184031      0.01433442      0.04678440      0.04795769      0.04496654      0.03856510      0.03025330      0.02170816      0.01424768      0.03114581      0.03192691      0.02993561      0.02567398      0.02014055      0.01445179      0.00948512      0.01386866      0.01421646      0.01332978      0.01143215      0.00896822      0.00643512      0.00422355      0.00412026      0.00422359      0.00396016      0.00339639      0.00266438      0.00191182      0.00125478      0.00081410      0.00083451      0.00078246      0.00067107      0.00052644      0.00037774      0.00024792
      0.02779356      0.03145795      0.03256795      0.03084073      0.02671361      0.02116478      0.01533795      0.04124439      0.04668217      0.04832937      0.04576625      0.03964179      0.03140758      0.02276082      0.04099483      0.04639972      0.04803695      0.04548933      0.03940193      0.03121754      0.02262310      0.02729152      0.03088972      0.03197967      0.03028365      0.02623108      0.02078248      0.01506090      0.01215241      0.01375462      0.01423996      0.01348475      0.01168021      0.00925405      0.00670634      0.00361037      0.00408638      0.00423057      0.00400620      0.00347009      0.00274930      0.00199239      0.00071335      0.00080740      0.00083589      0.00079156      0.00068563      0.00054322      0.00039367
      0.02181532      0.02726324      0.03116496      0.03258588      0.03116496      0.02726324      0.02181532      0.03237295      0.04045741      0.04624739      0.04835598      0.04624739      0.04045741      0.03237295      0.03217708      0.04021262      0.04596756      0.04806340      0.04596756      0.04021262      0.03217708      0.02142127      0.02677078      0.03060202      0.03199728      0.03060202      0.02677078      0.02142127      0.00953850      0.01192053      0.01362652      0.01424780      0.01362652      0.01192053      0.00953850      0.00283380      0.00354149      0.00404832      0.00423290      0.00404832      0.00354149      0.00283380      0.00055991      0.00069974      0.00079988      0.00083635      0.00079988      0.00069974      0.00055991
      0.01533795      0.02116478      0.02671361      0.03084073      0.03256795      0.03145795      0.02779356      0.02276082      0.03140758      0.03964179      0.04576625      0.04832937      0.04668217      0.04124439      0.02262310      0.03121754      0.03940193      0.04548933      0.04803695      0.04639972      0.04099483      0.01506090      0.02078248      0.02623108      0.03028365      0.03197967      0.03088972      0.02729152      0.00670634      0.00925405      0.01168021      0.01348475      0.01423996      0.01375462      0.01215241      0.00199239      0.00274930      0.00347009      0.00400620      0.00423057      0.00408638      0.00361037      0.00039367      0.00054322      0.00068563      0.00079156      0.00083589      0.00080740      0.00071335
      0.00965960      0.01471764      0.02051104      0.02614626      0.03048629      0.03251422      0.03171875      0.01433442      0.02184031      0.03043746      0.03879987      0.04524028      0.04824963      0.04706920      0.01424768      0.02170816      0.03025330      0.03856510      0.04496654      0.04795769      0.04678440      0.00948512      0.01445179      0.02014055      0.02567398      0.02993561      0.03192691      0.03114581      0.00422355      0.00643512      0.00896822      0.01143215      0.01332978      0.01421646      0.01386866      0.00125478      0.00191182      0.00266438      0.00339639      0.00396016      0.00422359      0.00412026      0.00024792      0.00037774      0.00052644      0.00067107      0.00078246      0.00083451      0.00081410
      0.01022083      0.01868024      0.03164290      0.04980861      0.07309032      0.10037902      0.12963105      0.01516726      0.02772063      0.04695663      0.07391373      0.10846274      0.14895793      0.19236663      0.01507548      0.02755290      0.04667252      0.07346650      0.10780647      0.14805664      0.19120269      0.01003621      0.01834281      0.03107133      0.04890891      0.07177008      0.09856586      0.12728951      0.00446894      0.00816772      0.01383549      0.02177824      0.03195790      0.04388956      0.05667967      0.00132768      0.00242656      0.00411040      0.00647012      0.00949441      0.01303920      0.01683903      0.00026233      0.00047945      0.00081215      0.00127839      0.00187595      0.00257634      0.00332713
      0.03310455      0.02563431      0.01866545      0.01271988      0.00808081      0.00477047      0.00261015      0.09042821      0.07002254      0.05098645      0.03474556      0.02207350      0.01303099      0.00712986      0.16503756      0.12779583      0.09305370      0.06341298      0.04028562      0.02378242      0.01301248      0.20163925      0.15613813      0.11369096      0.07747658      0.04922008      0.02905684      0.01589836      0.16503756      0.12779583      0.09305370      0.06341298      0.04028562      0.02378242      0.01301248      0.09042821      0.07002254      0.05098645      0.03474556      0.02207350      0.01303099      0.00712986      0.03310455      0.02563431      0.01866545      0.01271988      0.00808081      0.00477047      0.00261015
      0.00810018      0.00830332      0.00778544      0.00667710      0.00523801      0.00375852      0.00246682      0.02212641      0.02268131      0.02126667      0.01823914      0.01430812      0.01026675      0.00673836      0.04038219      0.04139492      0.03881310      0.03328766      0.02611328      0.01873751      0.01229796      0.04933807      0.05057540      0.04742099      0.04067013      0.03190463      0.02289307      0.01502538      0.04038219      0.04139492      0.03881310      0.03328766      0.02611328      0.01873751      0.01229796      0.02212641      0.02268131      0.02126667      0.01823914      0.01430812      0.01026675      0.00673836      0.00810018      0.00830332      0.00778544      0.00667710      0.00523801      0.00375852      0.00246682
      0.00709778      0.00803358      0.00831705      0.00787595      0.00682199      0.00540496      0.00391693      0.01938827      0.02194448      0.02271880      0.02151392      0.01863492      0.01476416      0.01069947      0.03538490      0.04005015      0.04146333      0.03926434      0.03400997      0.02694558      0.01952725      0.04323249      0.04893239      0.05065899      0.04797231      0.04155264      0.03292151      0.02385796      0.03538490      0.04005015      0.04146333      0.03926434      0.03400997      0.02694558      0.01952725      0.01938827      0.02194448      0.02271880      0.02151392      0.01863492      0.01476416      0.01069947      0.00709778      0.00803358      0.00831705      0.00787595      0.00682199      0.00540496      0.00391693
      0.00557109      0.00696235      0.00795876      0.00832162      0.00795876      0.00696235      0.00557109      0.01521796      0.01901833      0.02174009      0.02273131      0.02174009      0.01901833      0.01521796      0.02777380      0.03470972      0.03967713      0.04148616      0.03967713      0.03470972      0.02777380      0.03393342      0.04240758      0.04847665      0.05068688      0.04847665      0.04240758      0.03393342      0.02777380      0.03470972      0.03967713      0.04148616      0.03967713      0.03470972      0.02777380      0.01521796      0.01901833      0.02174009      0.02273131      0.02174009      0.01901833      0.01521796      0.00557109      0.00696235      0.00795876      0.00832162      0.00795876      0.00696235      0.00557109
      0.00391693      0.00540496      0.00682199      0.00787595      0.00831705      0.00803358      0.00709778      0.01069947      0.01476416      0.01863492      0.02151392      0.02271880      0.02194448      0.01938827      0.01952725      0.02694558      0.03400997      0.03926434      0.04146333      0.04005015      0.03538490      0.02385796      0.03292151      0.04155264      0.04797231      0.05065899      0.04893239      0.04323249      0.01952725      0.02694558      0.03400997      0.03926434      0.04146333      0.04005015      0.03538490      0.01069947      0.01476416      0.01863492      0.02151392      0.02271880      0.02194448      0.01938827      0.00391693      0.00540496      0.00682199      0.00787595      0.00831705      0.00803358      0.00709778
      0.00246682      0.00375852      0.00523801      0.00667710      0.00778544      0.00830332      0.00810018      0.00673836      0.01026675      0.01430812      0.01823914      0.02126667      0.02268131      0.02212641      0.01229796      0.01873751      0.02611328      0.03328766      0.03881310      0.04139492      0.04038219      0.01502538      0.02289307      0.03190463      0.04067013      0.04742099      0.05057540      0.04933807      0.01229796      0.01873751      0.02611328      0.03328766      0.03881310      0.04139492      0.04038219      0.00673836      0.01026675      0.01430812      0.01823914      0.02126667      0.02268131      0.02212641      0.00246682      0.00375852      0.00523801      0.00667710      0.00778544      0.00830332      0.00810018
      0.00261015      0.00477047      0.00808081      0.01271988      0.01866545      0.02563431      0.03310455      0.00712986      0.01303099      0.02207350      0.03474556      0.05098645      0.07002254      0.09042821      0.01301248      0.02378242      0.04028562      0.06341298      0.09305370      0.12779583      0.16503756      0.01589836      0.02905684      0.04922008      0.07747658      0.11369096      0.15613813      0.20163925      0.01301248      0.02378242      0.04028562      0.06341298      0.09305370      0.12779583      0.16503756      0.00712986      0.01303099      0.02207350      0.03474556      0.05098645      0.07002254      0.09042821      0.00261015      0.00477047      0.00808081      0.01271988      0.01866545      0.02563431      0.03310455
      0.00332713      0.00257634      0.00187595      0.00127839      0.00081215      0.00047945      0.00026233      0.01683903      0.01303920      0.00949441      0.00647012      0.00411040      0.00242656      0.00132768      0.05667967      0.04388956      0.03195790      0.02177824      0.01383549      0.00816772      0.00446894      0.12728951      0.09856586      0.07177008      0.04890891      0.03107133      0.01834281      0.01003621      0.19120269      0.14805664      0.10780647      0.07346650      0.04667252      0.02755290      0.01507548      0.19236663      0.14895793      0.10846274      0.07391373      0.04695663      0.02772063      0.01516726      0.12963105      0.10037902      0.07309032      0.04980861      0.03164290      0.01868024      0.01022083
      0.00081410      0.00083451      0.00078246      0.00067107      0.00052644      0.00037774      0.00024792      0.00412026      0.00422359      0.00396016      0.00339639      0.00266438      0.00191182      0.00125478      0.01386866      0.01421646      0.01332978      0.01143215      0.00896822      0.00643512      0.00422355      0.03114581      0.03192691      0.02993561      0.02567398      0.02014055      0.01445179      0.00948512      0.04678440      0.04795769      0.04496654      0.03856510      0.03025330      0.02170816      0.01424768      0.04706920      0.04824963      0.04524028      0.03879987      0.03043746      0.02184031      0.01433442      0.03171875      0.03251422      0.03048629      0.02614626      0.02051104      0.01471764      0.00965960
      0.00071335      0.00080740      0.00083589      0.00079156      0.00068563      0.00054322      0.00039367      0.00361037      0.00408638      0.00423057      0.00400620      0.00347009      0.00274930      0.00199239      0.01215241      0.01375462      0.01423996      0.01348475      0.01168021      0.00925405      0.00670634      0.02729152      0.03088972      0.03197967      0.03028365      0.02623108      0.02078248      0.01506090      0.04099483      0.04639972      0.04803695      0.04548933      0.03940193      0.03121754      0.02262310      0.04124439      0.04668217      0.04832937      0.04576625      0.03964179      0.03140758      0.02276082      0.02779356      0.03145795      0.03256795      0.03084073      0.02671361      0.02116478      0.01533795
      0.00055991      0.00069974      0.00079988      0.00083635      0.00079988      0.00069974      0.00055991      0.00283380      0.00354149      0.00404832      0.00423290      0.00404832      0.00354149      0.00283380      0.00953850      0.01192053      0.01362652      0.01424780      0.01362652      0.01192053      0.00953850      0.02142127      0.02677078      0.03060202      0.03199728      0.03060202      0.02677078      0.02142127      0.03217708      0.04021262      0.04596756      0.04806340      0.04596756      0.04021262      0.03217708      0.03237295      0.04045741      0.04624739      0.04835598      0.04624739      0.04045741      0.03237295      0.02181532      0.02726324      0.03116496      0.03258588      0.03116496      0.02726324      0.02181532
      0.00039367      0.00054322      0.00068563      0.00079156      0.00083589      0.00080740      0.00071335      0.00199239      0.00274930      0.00347009      0.00400620      0.00423057      0.00408638      0.00361037      0.00670634      0.00925405      0.01168021      0.01348475      0.01423996      0.01375462      0.01215241      0.01506090      0.02078248      0.02623108      0.03028365      0.03197967      0.03088972      0.02729152      0.02262310      0.03121754      0.03940193      0.04548933      0.04803695      0.04639972      0.04099483      0.02276082      0.03140758      0.03964179      0.04576625      0.04832937      0.04668217      0.04124439      0.01533795      0.02116478      0.02671361      0.03084073      0.03256795      0.03145795      0.02779356
      0.00024792      0.00037774      0.00052644      0.00067107      0.00078246      0.00083451      0.00081410      0.00125478      0.00191182      0.00266438      0.00339639      0.00396016      0.00422359      0.00412026      0.00422355      0.00643512      0.00896822      0.01143215      0.01332978      0.01421646      0.01386866      0.00948512      0.01445179      0.02014055      0.02567398      0.02993561      0.03192691      0.03114581      0.01424768      0.02170816      0.03025330      0.03856510      0.04496654      0.04795769      0.04678440      0.01433442      0.02184031      0.03043746      0.03879987      0.04524028      0.04824963      0.04706920      0.00965960      0.01471764      0.02051104      0.02614626      0.03048629      0.03251422      0.03171875
      0.00026233      0.00047945      0.00081215      0.00127839      0.00187595      0.00257634      0.00332713      0.00132768      0.00242656      0.00411040      0.00647012      0.00949441      0.01303920      0.01683903      0.00446894      0.00816772      0.01383549      0.02177824      0.03195790      0.04388956      0.05667967      0.01003621      0.01834281      0.03107133      0.04890891      0.07177008      0.09856586      0.12728951      0.01507548      0.02755290      0.04667252      0.07346650      0.10780647      0.14805664      0.19120269      0.01516726      0.02772063      0.04695663      0.07391373      0.10846274      0.14895793      0.19236663      0.01022083      0.01868024      0.03164290      0.04980861      0.07309032      0.10037902      0.12963105
      0.00013005      0.00010070      0.00007333      0.00004997      0.00003175      0.00001874      0.00001025      0.00122927      0.00095188      0.00069310      0.00047233      0.00030006      0.00017714      0.00009692      0.00768669      0.00595214      0.00433402      0.00295349      0.00187632      0.00110768      0.00060606      0.03190924      0.02470872      0.01799149      0.01226060      0.00778903      0.00459822      0.00251590      0.08823846      0.06832691      0.04975179      0.03390418      0.02153898      0.01271544      0.00695721      0.16301553      0.12623008      0.09191361      0.06263605      0.03979204      0.02349104      0.01285305      0.20160218      0.15610942      0.11367005      0.07746233      0.04921103      0.02905150      0.01589544
      0.00003182      0.00003262      0.00003059      0.00002623      0.00002058      0.00001477      0.00000969      0.00030078      0.00030833      0.00028910      0.00024794      0.00019450      0.00013956      0.00009160      0.00188082      0.00192799      0.00180774      0.00155039      0.00121624      0.00087271      0.00057278      0.00780771      0.00800351      0.00750433      0.00643601      0.00504888      0.00362281      0.00237775      0.02159061      0.02213208      0.02075169      0.01779748      0.01396165      0.01001814      0.00657519      0.03988743      0.04088775      0.03833756      0.03287982      0.02579335      0.01850794      0.01214729      0.04932900      0.05056610      0.04741227      0.04066266      0.03189877      0.02288887      0.01502261
      0.00002788      0.00003156      0.00003267      0.00003094      0.00002680      0.00002123      0.00001539      0.00026356      0.00029831      0.00030884      0.00029246      0.00025332      0.00020070      0.00014545      0.00164807      0.00186535      0.00193117      0.00182875      0.00158403      0.00125500      0.00090949      0.00684150      0.00774351      0.00801674      0.00759158      0.00657567      0.00520980      0.00377550      0.01891878      0.02141308      0.02216865      0.02099295      0.01818366      0.01440664      0.01044038      0.03495136      0.03955945      0.04095533      0.03878328      0.03359328      0.02661544      0.01928800      0.04322454      0.04892339      0.05064967      0.04796349      0.04154500      0.03291546      0.02385357
      0.00002189      0.00002735      0.00003127      0.00003269      0.00003127      0.00002735      0.00002189      0.00020687      0.00025853      0.00029553      0.00030901      0.00029553      0.00025853      0.00020687      0.00129358      0.00161662      0.00184798      0.00193224      0.00184798      0.00161662      0.00129358      0.00536993      0.00671096      0.00767139      0.00802115      0.00767139      0.00671096      0.00536993      0.01484945      0.01855779      0.02121365      0.02218086      0.02121365      0.01855779      0.01484945      0.02743352      0.03428446      0.03919101      0.04097788      0.03919101      0.03428446      0.02743352      0.03392718      0.04239978      0.04846773      0.05067756      0.04846773      0.04239978      0.03392718
      0.00001539      0.00002123      0.00002680      0.00003094      0.00003267      0.00003156      0.00002788      0.00014545      0.00020070      0.00025332      0.00029246      0.00030884      0.00029831      0.00026356      0.00090949      0.00125500      0.00158403      0.00182875      0.00193117      0.00186535      0.00164807      0.00377550      0.00520980      0.00657567      0.00759158      0.00801674      0.00774351      0.00684150      0.01044038      0.01440664      0.01818366      0.02099295      0.02216865      0.02141308      0.01891878      0.01928800      0.02661544      0.03359328      0.03878328      0.04095533      0.03955945      0.03495136      0.02385357      0.03291546      0.04154500      0.04796349      0.05064967      0.04892339      0.04322454
      0.00000969      0.00001477      0.00002058      0.00002623      0.00003059      0.00003262      0.00003182      0.00009160      0.00013956      0.00019450      0.00024794      0.00028910      0.00030833      0.00030078      0.00057278      0.00087271      0.00121624      0.00155039      0.00180774      0.00192799      0.00188082      0.00237775      0.00362281      0.00504888      0.00643601      0.00750433      0.00800351      0.00780771      0.00657519      0.01001814      0.01396165      0.01779748      0.02075169      0.02213208      0.02159061      0.01214729      0.01850794      0.02579335      0.03287982      0.03833756      0.04088775      0.03988743      0.01502261      0.02288887      0.03189877      0.04066266      0.04741227      0.05056610      0.04932900
      0.00001025      0.00001874      0.00003175      0.00004997      0.00007333      0.00010070      0.00013005      0.00009692      0.00017714      0.00030006      0.00047233      0.00069310      0.00095188      0.00122927      0.00060606      0.00110768      0.00187632      0.00295349      0.00433402      0.00595214      0.00768669      0.00251590      0.00459822      0.00778903      0.01226060      0.01799149      0.02470872      0.03190924      0.00695721      0.01271544      0.02153898      0.03390418      0.04975179      0.06832691      0.08823846      0.01285305      0.02349104      0.03979204      0.06263605      0.09191361      0.12623008      0.16301553      0.01589544      0.02905150      0.04921103      0.07746233      0.11367005      0.15610942      0.20160218
      0.00000197      0.00000152      0.00000111      0.00000076      0.00000048      0.00000028      0.00000015      0.00003514      0.00002721      0.00001981      0.00001350      0.00000858      0.00000506      0.00000277      0.00041539      0.00032165      0.00023421      0.00015961      0.00010140      0.00005986      0.00003275      0.00326986      0.00253200      0.00184366      0.00125639      0.00079817      0.00047120      0.00025781      0.01731600      0.01340854      0.00976334      0.00665339      0.00422683      0.00249529      0.00136529      0.06266266      0.04852245      0.03533130      0.02407710      0.01529593      0.00902988      0.00494067      0.15877954      0.12294997      0.08952522      0.06100844      0.03875804      0.02288062      0.01251906
      0.00000048      0.00000049      0.00000046      0.00000040      0.00000031      0.00000022      0.00000015      0.00000860      0.00000881      0.00000826      0.00000709      0.00000556      0.00000399      0.00000262      0.00010164      0.00010419      0.00009769      0.00008378      0.00006573      0.00004716      0.00003095      0.00080009      0.00082015      0.00076900      0.00065952      0.00051738      0.00037124      0.00024366      0.00423696      0.00434322      0.00407233      0.00349259      0.00273985      0.00196597      0.00129032      0.01533260      0.01571712      0.01473684      0.01263890      0.00991488      0.00711439      0.00466938      0.03885095      0.03982528      0.03734135      0.03202544      0.02512310      0.01802701      0.01183164
      0.00000042      0.00000048      0.00000049      0.00000047      0.00000040      0.00000032      0.00000023      0.00000753      0.00000853      0.00000883      0.00000836      0.00000724      0.00000574      0.00000416      0.00008906      0.00010080      0.00010436      0.00009883      0.00008560      0.00006782      0.00004915      0.00070108      0.00079351      0.00082151      0.00077794      0.00067383      0.00053387      0.00038689      0.00371264      0.00420213      0.00435040      0.00411968      0.00356838      0.00282717      0.00204883      0.01343519      0.01520653      0.01574310      0.01490817      0.01291315      0.01023089      0.00741425      0.03404314      0.03853150      0.03989110      0.03777549      0.03272036      0.02592383      0.01878680
      0.00000033      0.00000041      0.00000047      0.00000049      0.00000047      0.00000041      0.00000033      0.00000591      0.00000739      0.00000845      0.00000883      0.00000845      0.00000739      0.00000591      0.00006990      0.00008736      0.00009986      0.00010442      0.00009986      0.00008736      0.00006990      0.00055028      0.00068770      0.00078612      0.00082196      0.00078612      0.00068770      0.00055028      0.00291407      0.00364180      0.00416299      0.00435279      0.00416299      0.00364180      0.00291407      0.01054536      0.01317884      0.01506490      0.01575177      0.01506490      0.01317884      0.01054536      0.02672066      0.03339357      0.03817263      0.03991306      0.03817263      0.03339357      0.02672066
      0.00000023      0.00000032      0.00000040      0.00000047      0.00000049      0.00000048      0.00000042      0.00000416      0.00000574      0.00000724      0.00000836      0.00000883      0.00000853      0.00000753      0.00004915      0.00006782      0.00008560      0.00009883      0.00010436      0.00010080      0.00008906      0.00038689      0.00053387      0.00067383      0.00077794      0.00082151      0.00079351      0.00070108      0.00204883      0.00282717      0.00356838      0.00411968      0.00435040      0.00420213      0.00371264      0.00741425      0.01023089      0.01291315      0.01490817      0.01574310      0.01520653      0.01343519      0.01878680      0.02592383      0.03272036      0.03777549      0.03989110      0.03853150      0.03404314
      0.00000015      0.00000022      0.00000031      0.00000040      0.00000046      0.00000049      0.00000048      0.00000262      0.00000399      0.00000556      0.00000709      0.00000826      0.00000881      0.00000860      0.00003095      0.00004716      0.00006573      0.00008378      0.00009769      0.00010419      0.00010164      0.00024366      0.00037124      0.00051738      0.00065952      0.00076900      0.00082015      0.00080009      0.00129032      0.00196597      0.00273985      0.00349259      0.00407233      0.00434322      0.00423696      0.00466938      0.00711439      0.00991488      0.01263890      0.01473684      0.01571712      0.01533260      0.01183164      0.01802701      0.02512310      0.03202544      0.03734135      0.03982528      0.03885095
      0.00000015      0.00000028      0.00000048      0.00000076      0.00000111      0.00000152      0.00000197      0.00000277      0.00000506      0.00000858      0.00001350      0.00001981      0.00002721      0.00003514      0.00003275      0.00005986      0.00010140      0.00015961      0.00023421      0.00032165      0.00041539      0.00025781      0.00047120      0.00079817      0.00125639      0.00184366      0.00253200      0.00326986      0.00136529      0.00249529      0.00422683      0.00665339      0.00976334      0.01340854      0.01731600      0.00494067      0.00902988      0.01529593      0.02407710      0.03533130      0.04852245      0.06266266      0.01251906      0.02288062      0.03875804      0.06100844      0.08952522      0.12294997      0.15877954
