      0.00000000 
      0.00000000 
      0.00000000 

     50.00000000 
      0.00000000 
      0.00000000 

     50.00000000
     50.00000000
     50.00000000


      9.09090909 
      9.09090909 
      9.09090909 

      6.81818182 
      6.81818182 
      6.81818182 

      6.81818182
      6.81818182
      6.81818182


     15.90909091 
     15.90909091 
     15.90909091 

     13.63636364 
     13.63636364 
     13.63636364 

     11.36363636
     11.36363636
     11.36363636


     13.63636364 
     13.63636364 
     13.63636364 

     20.45454545 
     20.45454545 
     20.45454545 

     18.18181818
     18.18181818
     18.18181818


     20.45454545 
     20.45454545 
     20.45454545 

     27.27272727 
     27.27272727 
     27.27272727 

     22.72727273
     22.72727273
     22.72727273


     29.54545455 
     29.54545455 
     29.54545455 

     34.09090909 
     34.09090909 
     34.09090909 

     29.54545455
     29.54545455
     29.54545455


     36.36363636 
     36.36363636 
     36.36363636 

     40.90909091 
     40.90909091 
     40.90909091 

     34.09090909
     34.09090909
     34.09090909


     43.18181818 
     43.18181818 
     43.18181818 

     45.45454545 
     45.45454545 
     45.45454545 

     40.90909091
     40.90909091
     40.90909091


     50.00000000 
     50.00000000 
     50.00000000 

     34.09090909 
     34.09090909 
     34.09090909 

     45.45454545
     45.45454545
     45.45454545


     50.00000000 
     50.00000000 
     50.00000000 

     40.90909091 
     40.90909091 
     40.90909091 

     50.00000000
     50.00000000
     50.00000000


     50.00000000 
     50.00000000 
     50.00000000 

     45.45454545 
     45.45454545 
     45.45454545 

     50.00000000
     50.00000000
     50.00000000



      9.09090909 
      9.09090909 
      9.09090909 

     15.90909091 
     15.90909091 
     15.90909091 

     25.00000000
     25.00000000
     25.00000000


     15.90909091 
     15.90909091 
     15.90909091 

     22.72727273 
     22.72727273 
     22.72727273 

     31.81818182
     31.81818182
     31.81818182


     13.63636364 
     13.63636364 
     13.63636364 

     29.54545455 
     29.54545455 
     29.54545455 

     36.36363636
     36.36363636
     36.36363636


     20.45454545 
     20.45454545 
     20.45454545 

     36.36363636 
     36.36363636 
     36.36363636 

     43.18181818
     43.18181818
     43.18181818


     29.54545455 
     29.54545455 
     29.54545455 

     40.90909091 
     40.90909091 
     40.90909091 

     47.72727273
     47.72727273
     47.72727273


     36.36363636 
     36.36363636 
     36.36363636 

     29.54545455 
     29.54545455 
     29.54545455 

     50.00000000
     50.00000000
     50.00000000


     43.18181818 
     43.18181818 
     43.18181818 

     36.36363636 
     36.36363636 
     36.36363636 

     50.00000000
     50.00000000
     50.00000000


     50.00000000 
     50.00000000 
     50.00000000 

     43.18181818 
     43.18181818 
     43.18181818 

     50.00000000
     50.00000000
     50.00000000


     50.00000000 
     50.00000000 
     50.00000000 

     50.00000000 
     50.00000000 
     50.00000000 

     50.00000000
     50.00000000
     50.00000000


     50.00000000 
     50.00000000 
     50.00000000 

     50.00000000 
     50.00000000 
     50.00000000 

     45.45454545
     45.45454545
     45.45454545


     50.00000000 
     50.00000000 
     50.00000000 

     50.00000000 
     50.00000000 
     50.00000000 

     50.00000000
     50.00000000
     50.00000000



     15.90909091 
     15.90909091 
     15.90909091 

     31.81818182 
     31.81818182 
     31.81818182 

     50.00000000
     50.00000000
     50.00000000


     13.63636364 
     13.63636364 
     13.63636364 

     38.63636364 
     38.63636364 
     38.63636364 

     50.00000000
     50.00000000
     50.00000000


     20.45454545 
     20.45454545 
     20.45454545 

     45.45454545 
     45.45454545 
     45.45454545 

     50.00000000
     50.00000000
     50.00000000


     29.54545455 
     29.54545455 
     29.54545455 

     31.81818182 
     31.81818182 
     31.81818182 

     50.00000000
     50.00000000
     50.00000000


     36.36363636 
     36.36363636 
     36.36363636 

     38.63636364 
     38.63636364 
     38.63636364 

     43.18181818
     43.18181818
     43.18181818


     43.18181818 
     43.18181818 
     43.18181818 

     45.45454545 
     45.45454545 
     45.45454545 

     47.72727273
     47.72727273
     47.72727273


     50.00000000 
     50.00000000 
     50.00000000 

     50.00000000 
     50.00000000 
     50.00000000 

     50.00000000
     50.00000000
     50.00000000


     50.00000000 
     50.00000000 
     50.00000000 

     50.00000000 
     50.00000000 
     50.00000000 

     50.00000000
     50.00000000
     50.00000000


     50.00000000 
     50.00000000 
     50.00000000 

     50.00000000 
     50.00000000 
     50.00000000 

     50.00000000
     50.00000000
     50.00000000


     50.00000000 
     50.00000000 
     50.00000000 

     50.00000000 
     50.00000000 
     50.00000000 

     50.00000000
     50.00000000
     50.00000000


     50.00000000 
     50.00000000 
     50.00000000 

     50.00000000 
     50.00000000 
     50.00000000 

     50.00000000
     50.00000000
     50.00000000



     13.63636364 
     13.63636364 
     13.63636364 

     45.45454545 
     45.45454545 
     45.45454545 

     45.45454545
     45.45454545
     45.45454545


     22.72727273 
     22.72727273 
     22.72727273 

     34.09090909 
     34.09090909 
     34.09090909 

     50.00000000
     50.00000000
     50.00000000


     29.54545455 
     29.54545455 
     29.54545455 

     43.18181818 
     43.18181818 
     43.18181818 

     50.00000000
     50.00000000
     50.00000000


     36.36363636 
     36.36363636 
     36.36363636 

     47.72727273 
     47.72727273 
     47.72727273 

     50.00000000
     50.00000000
     50.00000000


     45.45454545 
     45.45454545 
     45.45454545 

     50.00000000 
     50.00000000 
     50.00000000 

     50.00000000
     50.00000000
     50.00000000


     50.00000000 
     50.00000000 
     50.00000000 

     50.00000000 
     50.00000000 
     50.00000000 

     50.00000000
     50.00000000
     50.00000000


     50.00000000 
     50.00000000 
     50.00000000 

     50.00000000 
     50.00000000 
     50.00000000 

     50.00000000
     50.00000000
     50.00000000


     50.00000000 
     50.00000000 
     50.00000000 

     50.00000000 
     50.00000000 
     50.00000000 

     50.00000000
     50.00000000
     50.00000000


     50.00000000 
     50.00000000 
     50.00000000 

     50.00000000 
     50.00000000 
     50.00000000 

     50.00000000
     50.00000000
     50.00000000


     50.00000000 
     50.00000000 
     50.00000000 

     50.00000000 
     50.00000000 
     50.00000000 

     50.00000000
     50.00000000
     50.00000000


     50.00000000 
     50.00000000 
     50.00000000 

     50.00000000 
     50.00000000 
     50.00000000 

     50.00000000
     50.00000000
     50.00000000



     22.72727273 
     22.72727273 
     22.72727273 

     45.45454545 
     45.45454545 
     45.45454545 

     50.00000000
     50.00000000
     50.00000000


     29.54545455 
     29.54545455 
     29.54545455 

     50.00000000 
     50.00000000 
     50.00000000 

     50.00000000
     50.00000000
     50.00000000


     36.36363636 
     36.36363636 
     36.36363636 

     50.00000000 
     50.00000000 
     50.00000000 

     50.00000000
     50.00000000
     50.00000000


     45.45454545 
     45.45454545 
     45.45454545 

     50.00000000 
     50.00000000 
     50.00000000 

     47.72727273
     47.72727273
     47.72727273


     50.00000000 
     50.00000000 
     50.00000000 

     50.00000000 
     50.00000000 
     50.00000000 

     50.00000000
     50.00000000
     50.00000000


     50.00000000 
     50.00000000 
     50.00000000 

     50.00000000 
     50.00000000 
     50.00000000 

     50.00000000
     50.00000000
     50.00000000


     50.00000000 
     50.00000000 
     50.00000000 

     50.00000000 
     50.00000000 
     50.00000000 

     50.00000000
     50.00000000
     50.00000000


     50.00000000 
     50.00000000 
     50.00000000 

     50.00000000 
     50.00000000 
     50.00000000 

     50.00000000
     50.00000000
     50.00000000


     50.00000000 
     50.00000000 
     50.00000000 

     50.00000000 
     50.00000000 
     50.00000000 

     50.00000000
     50.00000000
     50.00000000


     50.00000000 
     50.00000000 
     50.00000000 

     50.00000000 
     50.00000000 
     50.00000000 

     50.00000000
     50.00000000
     50.00000000


     50.00000000 
     50.00000000 
     50.00000000 

     50.00000000 
     50.00000000 
     50.00000000 

     50.00000000
     50.00000000
     50.00000000



     31.81818182 
     31.81818182 
     31.81818182 

     50.00000000 
     50.00000000 
     50.00000000 

     50.00000000
     50.00000000
     50.00000000


     38.63636364 
     38.63636364 
     38.63636364 

     50.00000000 
     50.00000000 
     50.00000000 

     50.00000000
     50.00000000
     50.00000000


     45.45454545 
     45.45454545 
     45.45454545 

     50.00000000 
     50.00000000 
     50.00000000 

     50.00000000
     50.00000000
     50.00000000


     50.00000000 
     50.00000000 
     50.00000000 

     50.00000000 
     50.00000000 
     50.00000000 

     50.00000000
     50.00000000
     50.00000000


     50.00000000 
     50.00000000 
     50.00000000 

     50.00000000 
     50.00000000 
     50.00000000 

     50.00000000
     50.00000000
     50.00000000


     50.00000000 
     50.00000000 
     50.00000000 

     50.00000000 
     50.00000000 
     50.00000000 

     50.00000000
     50.00000000
     50.00000000


     50.00000000 
     50.00000000 
     50.00000000 

     50.00000000 
     50.00000000 
     50.00000000 

     50.00000000
     50.00000000
     50.00000000


     50.00000000 
     50.00000000 
     50.00000000 

     50.00000000 
     50.00000000 
     50.00000000 

     50.00000000
     50.00000000
     50.00000000


     50.00000000 
     50.00000000 
     50.00000000 

     50.00000000 
     50.00000000 
     50.00000000 

     50.00000000
     50.00000000
     50.00000000


     50.00000000 
     50.00000000 
     50.00000000 

     50.00000000 
     50.00000000 
     50.00000000 

     50.00000000
     50.00000000
     50.00000000


     50.00000000 
     50.00000000 
     50.00000000 

     50.00000000 
     50.00000000 
     50.00000000 

     50.00000000
     50.00000000
     50.00000000



     38.63636364 
     38.63636364 
     38.63636364 

     50.00000000 
     50.00000000 
     50.00000000 

     50.00000000
     50.00000000
     50.00000000


     45.45454545 
     45.45454545 
     45.45454545 

     50.00000000 
     50.00000000 
     50.00000000 

     50.00000000
     50.00000000
     50.00000000


     50.00000000 
     50.00000000 
     50.00000000 

     50.00000000 
     50.00000000 
     50.00000000 

     50.00000000
     50.00000000
     50.00000000


     50.00000000 
     50.00000000 
     50.00000000 

     50.00000000 
     50.00000000 
     50.00000000 

     50.00000000
     50.00000000
     50.00000000


     50.00000000 
     50.00000000 
     50.00000000 

     50.00000000 
     50.00000000 
     50.00000000 

     50.00000000
     50.00000000
     50.00000000


     50.00000000 
     50.00000000 
     50.00000000 

     50.00000000 
     50.00000000 
     50.00000000 

     50.00000000
     50.00000000
     50.00000000


     50.00000000 
     50.00000000 
     50.00000000 

     50.00000000 
     50.00000000 
     50.00000000 

     50.00000000
     50.00000000
     50.00000000


     50.00000000 
     50.00000000 
     50.00000000 

     50.00000000 
     50.00000000 
     50.00000000 

     50.00000000
     50.00000000
     50.00000000


     50.00000000 
     50.00000000 
     50.00000000 

     50.00000000 
     50.00000000 
     50.00000000 

     50.00000000
     50.00000000
     50.00000000


     50.00000000 
     50.00000000 
     50.00000000 

     50.00000000 
     50.00000000 
     50.00000000 

     50.00000000
     50.00000000
     50.00000000


     50.00000000 
     50.00000000 
     50.00000000 

     50.00000000 
     50.00000000 
     50.00000000 

     50.00000000
     50.00000000
     50.00000000



     45.45454545 
     45.45454545 
     45.45454545 

     50.00000000 
     50.00000000 
     50.00000000 

     50.00000000
     50.00000000
     50.00000000


     50.00000000 
     50.00000000 
     50.00000000 

     50.00000000 
     50.00000000 
     50.00000000 

     50.00000000
     50.00000000
     50.00000000


     50.00000000 
     50.00000000 
     50.00000000 

     50.00000000 
     50.00000000 
     50.00000000 

     50.00000000
     50.00000000
     50.00000000


     50.00000000 
     50.00000000 
     50.00000000 

     50.00000000 
     50.00000000 
     50.00000000 

     50.00000000
     50.00000000
     50.00000000


     50.00000000 
     50.00000000 
     50.00000000 

     50.00000000 
     50.00000000 
     50.00000000 

     50.00000000
     50.00000000
     50.00000000


     50.00000000 
     50.00000000 
     50.00000000 

     50.00000000 
     50.00000000 
     50.00000000 

     50.00000000
     50.00000000
     50.00000000


     50.00000000 
     50.00000000 
     50.00000000 

     50.00000000 
     50.00000000 
     50.00000000 

     50.00000000
     50.00000000
     50.00000000


     50.00000000 
     50.00000000 
     50.00000000 

     50.00000000 
     50.00000000 
     50.00000000 

     50.00000000
     50.00000000
     50.00000000


     50.00000000 
     50.00000000 
     50.00000000 

     50.00000000 
     50.00000000 
     50.00000000 

     50.00000000
     50.00000000
     50.00000000


     50.00000000 
     50.00000000 
     50.00000000 

     50.00000000 
     50.00000000 
     50.00000000 

     50.00000000
     50.00000000
     50.00000000


     50.00000000 
     50.00000000 
     50.00000000 

     50.00000000 
     50.00000000 
     50.00000000 

     50.00000000
     50.00000000
     50.00000000



     50.00000000 
     50.00000000 
     50.00000000 

     50.00000000 
     50.00000000 
     50.00000000 

     50.00000000
     50.00000000
     50.00000000


     50.00000000 
     50.00000000 
     50.00000000 

     50.00000000 
     50.00000000 
     50.00000000 

     50.00000000
     50.00000000
     50.00000000


     50.00000000 
     50.00000000 
     50.00000000 

     50.00000000 
     50.00000000 
     50.00000000 

     50.00000000
     50.00000000
     50.00000000


     50.00000000 
     50.00000000 
     50.00000000 

     50.00000000 
     50.00000000 
     50.00000000 

     50.00000000
     50.00000000
     50.00000000


     50.00000000 
     50.00000000 
     50.00000000 

     50.00000000 
     50.00000000 
     50.00000000 

     50.00000000
     50.00000000
     50.00000000


     50.00000000 
     50.00000000 
     50.00000000 

     50.00000000 
     50.00000000 
     50.00000000 

     50.00000000
     50.00000000
     50.00000000


     50.00000000 
     50.00000000 
     50.00000000 

     50.00000000 
     50.00000000 
     50.00000000 

     50.00000000
     50.00000000
     50.00000000


     50.00000000 
     50.00000000 
     50.00000000 

     50.00000000 
     50.00000000 
     50.00000000 

     50.00000000
     50.00000000
     50.00000000


     50.00000000 
     50.00000000 
     50.00000000 

     50.00000000 
     50.00000000 
     50.00000000 

     50.00000000
     50.00000000
     50.00000000


     50.00000000 
     50.00000000 
     50.00000000 

     50.00000000 
     50.00000000 
     50.00000000 

     50.00000000
     50.00000000
     50.00000000


     50.00000000 
     50.00000000 
     50.00000000 

     50.00000000 
     50.00000000 
     50.00000000 

     50.00000000
     50.00000000
     50.00000000



     50.00000000 
     50.00000000 
     50.00000000 

     50.00000000 
     50.00000000 
     50.00000000 

     50.00000000
     50.00000000
     50.00000000


     50.00000000 
     50.00000000 
     50.00000000 

     50.00000000 
     50.00000000 
     50.00000000 

     50.00000000
     50.00000000
     50.00000000


     50.00000000 
     50.00000000 
     50.00000000 

     50.00000000 
     50.00000000 
     50.00000000 

     50.00000000
     50.00000000
     50.00000000


     50.00000000 
     50.00000000 
     50.00000000 

     50.00000000 
     50.00000000 
     50.00000000 

     50.00000000
     50.00000000
     50.00000000


     50.00000000 
     50.00000000 
     50.00000000 

     50.00000000 
     50.00000000 
     50.00000000 

     50.00000000
     50.00000000
     50.00000000


     50.00000000 
     50.00000000 
     50.00000000 

     50.00000000 
     50.00000000 
     50.00000000 

     50.00000000
     50.00000000
     50.00000000


     50.00000000 
     50.00000000 
     50.00000000 

     50.00000000 
     50.00000000 
     50.00000000 

     50.00000000
     50.00000000
     50.00000000


     50.00000000 
     50.00000000 
     50.00000000 

     50.00000000 
     50.00000000 
     50.00000000 

     50.00000000
     50.00000000
     50.00000000


     50.00000000 
     50.00000000 
     50.00000000 

     50.00000000 
     50.00000000 
     50.00000000 

     50.00000000
     50.00000000
     50.00000000


     50.00000000 
     50.00000000 
     50.00000000 

     50.00000000 
     50.00000000 
     50.00000000 

     50.00000000
     50.00000000
     50.00000000


     50.00000000 
     50.00000000 
     50.00000000 

     50.00000000 
     50.00000000 
     50.00000000 

     50.00000000
     50.00000000
     50.00000000



     50.00000000 
     50.00000000 
     50.00000000 

     50.00000000 
     50.00000000 
     50.00000000 

     50.00000000
     50.00000000
     50.00000000


     50.00000000 
     50.00000000 
     50.00000000 

     50.00000000 
     50.00000000 
     50.00000000 

     50.00000000
     50.00000000
     50.00000000


     50.00000000 
     50.00000000 
     50.00000000 

     50.00000000 
     50.00000000 
     50.00000000 

     50.00000000
     50.00000000
     50.00000000


     50.00000000 
     50.00000000 
     50.00000000 

     50.00000000 
     50.00000000 
     50.00000000 

     50.00000000
     50.00000000
     50.00000000


     50.00000000 
     50.00000000 
     50.00000000 

     50.00000000 
     50.00000000 
     50.00000000 

     50.00000000
     50.00000000
     50.00000000


     50.00000000 
     50.00000000 
     50.00000000 

     50.00000000 
     50.00000000 
     50.00000000 

     50.00000000
     50.00000000
     50.00000000


     50.00000000 
     50.00000000 
     50.00000000 

     50.00000000 
     50.00000000 
     50.00000000 

     50.00000000
     50.00000000
     50.00000000


     50.00000000 
     50.00000000 
     50.00000000 

     50.00000000 
     50.00000000 
     50.00000000 

     50.00000000
     50.00000000
     50.00000000


     50.00000000 
     50.00000000 
     50.00000000 

     50.00000000 
     50.00000000 
     50.00000000 

     50.00000000
     50.00000000
     50.00000000


     50.00000000 
     50.00000000 
     50.00000000 

     50.00000000 
     50.00000000 
     50.00000000 

     50.00000000
     50.00000000
     50.00000000


     50.00000000 
     50.00000000 
     50.00000000 

     50.00000000 
     50.00000000 
     50.00000000 

     50.00000000
     50.00000000
     50.00000000



