      0.02237501 
      0.02690835 
      0.03144168 

      0.00010000 
      0.00010000 
      0.00010000 

      0.00010000
      0.00010000
      0.00010000


      0.48340161 
      0.48793494 
      0.49246827 

      0.62692440 
      0.63145774 
      0.63599107 

      1.01640313
      1.02093646
      1.02546980


      0.94442820 
      0.94896153 
      0.95349487 

      1.26304880 
      1.26758214 
      1.27211547 

      2.12769158
      2.13222491
      2.13675825


      1.40545479 
      1.40998812 
      1.41452146 

      1.89917321 
      1.90370654 
      1.90823987 

      3.23898003
      3.24351336
      3.24804670


      0.31136809 
      0.31590142 
      0.32043475 

      2.53529761 
      2.53983094 
      2.54436427 

      4.35026848
      4.35480182
      4.35933515


      0.77239468 
      0.77692801 
      0.78146134 

      0.89869474 
      0.90322807 
      0.90776140 

      1.24143602
      1.24596935
      1.25050268


      1.23342127 
      1.23795460 
      1.24248794 

      1.53481914 
      1.53935247 
      1.54388581 

      2.35272447
      2.35725780
      2.36179114


      1.69444786 
      1.69898119 
      1.70351453 

      2.17094354 
      2.17547687 
      2.18001021 

      3.46401292
      3.46854625
      3.47307959


      2.15547445 
      2.16000779 
      2.16454112 

      2.80706794 
      2.81160128 
      2.81613461 

      4.57530137
      4.57983470
      4.58436804


      2.61650104 
      2.62103438 
      2.62556771 

      3.44319234 
      3.44772568 
      3.45225901 

      1.46646891
      1.47100224
      1.47553557


      3.07752764 
      3.08206097 
      3.08659430 

      1.80658947 
      1.81112281 
      1.81565614 

      2.57775736
      2.58229069
      2.58682402



      0.00010000 
      0.00010000 
      0.00010000 

      0.03534545 
      0.03987879 
      0.04441212 

      3.92078525
      3.92531858
      3.92985192


      0.00010000 
      0.00010000 
      0.00010000 

      0.67146986 
      0.67600319 
      0.68053652 

      5.03207370
      5.03660703
      5.04114037


      0.00010000 
      0.00010000 
      0.00010000 

      1.30759426 
      1.31212759 
      1.31666093 

      6.14336215
      6.14789548
      6.15242882


      0.00010000 
      0.00010000 
      0.00010000 

      1.94371866 
      1.94825199 
      1.95278533 

      7.25465060
      7.25918393
      7.26371727


      0.00010000 
      0.00010000 
      0.00010000 

      2.57984306 
      2.58437640 
      2.58890973 

      8.36593905
      8.37047239
      8.37500572


      0.00010000 
      0.00010000 
      0.00010000 

      0.94324019 
      0.94777352 
      0.95230686 

      5.25710659
      5.26163992
      5.26617325


      0.00010000 
      0.00010000 
      0.00010000 

      1.57936459 
      1.58389793 
      1.58843126 

      6.36839504
      6.37292837
      6.37746170


      0.27563490 
      0.28016823 
      0.28470156 

      2.21548900 
      2.22002233 
      2.22455566 

      7.47968349
      7.48421682
      7.48875016


      0.73666149 
      0.74119482 
      0.74572815 

      2.85161340 
      2.85614673 
      2.86068006 

      8.59097194
      8.59550527
      8.60003861


      1.19768808 
      1.20222141 
      1.20675475 

      3.48773780 
      3.49227113 
      3.49680447 

      5.48213947
      5.48667281
      5.49120614


      3.21382797 
      3.21836130 
      3.22289464 

      6.39658947 
      6.40112281 
      6.40565614 

     15.03366976
     15.03820309
     15.04273642



      0.00010000 
      0.00010000 
      0.00010000 

      0.07989091 
      0.08442424 
      0.08895758 

      7.93645582
      7.94098915
      7.94552249


      0.00010000 
      0.00010000 
      0.00010000 

      0.71601531 
      0.72054864 
      0.72508198 

      9.04774427
      9.05227760
      9.05681094


      0.00010000 
      0.00010000 
      0.00010000 

      1.35213971 
      1.35667305 
      1.36120638 

     10.15903272
     10.16356605
     10.16809939


      0.00010000 
      0.00010000 
      0.00010000 

      1.98826411 
      1.99279745 
      1.99733078 

     11.27032117
     11.27485450
     11.27938784


      0.00010000 
      0.00010000 
      0.00010000 

      2.62438852 
      2.62892185 
      2.63345518 

     12.38160962
     12.38614295
     12.39067629


      0.00010000 
      0.00010000 
      0.00010000 

      0.98778565 
      0.99231898 
      0.99685231 

      9.27277716
      9.27731049
      9.28184382


      0.00010000 
      0.00010000 
      0.00010000 

      1.62391005 
      1.62844338 
      1.63297671 

     10.38406561
     10.38859894
     10.39313227


      0.00010000 
      0.00010000 
      0.00010000 

      2.26003445 
      2.26456778 
      2.26910112 

     11.49535406
     11.49988739
     11.50442072


      0.00010000 
      0.00010000 
      0.00010000 

      2.89615885 
      2.90069219 
      2.90522552 

     12.60664251
     12.61117584
     12.61570918


      1.33398841 
      1.33852175 
      1.34305508 

      5.80501053 
      5.80954386 
      5.81407719 

     17.93805187
     17.94258521
     17.94711854


      4.90524160 
      4.90977493 
      4.91430826 

     10.98658947 
     10.99112281 
     10.99565614 

     27.48958215
     27.49411549
     27.49864882



      0.00010000 
      0.00010000 
      0.00010000 

      0.12443636 
      0.12896970 
      0.13350303 

     11.95212639
     11.95665972
     11.96119306


      0.00010000 
      0.00010000 
      0.00010000 

      0.76056077 
      0.76509410 
      0.76962743 

     13.06341484
     13.06794817
     13.07248151


      0.00010000 
      0.00010000 
      0.00010000 

      1.39668517 
      1.40121850 
      1.40575183 

     14.17470329
     14.17923662
     14.18376996


      0.00010000 
      0.00010000 
      0.00010000 

      2.03280957 
      2.03734290 
      2.04187624 

     15.28599174
     15.29052507
     15.29505841


      0.00010000 
      0.00010000 
      0.00010000 

      2.66893397 
      2.67346730 
      2.67800064 

     16.39728019
     16.40181352
     16.40634686


      0.00010000 
      0.00010000 
      0.00010000 

      1.03233110 
      1.03686443 
      1.04139777 

     13.28844773
     13.29298106
     13.29751439


      0.00010000 
      0.00010000 
      0.00010000 

      1.66845550 
      1.67298884 
      1.67752217 

     14.39973618
     14.40426951
     14.40880284


      0.00010000 
      0.00010000 
      0.00010000 

      2.30457990 
      2.30911324 
      2.31364657 

     15.51102463
     15.51555796
     15.52009129


      0.00010000 
      0.00010000 
      0.00010000 

      5.21343158 
      5.21796491 
      5.22249825 

     20.84243399
     20.84696733
     20.85150066


      3.02540204 
      3.02993538 
      3.03446871 

     10.39501053 
     10.39954386 
     10.40407719 

     30.39396427
     30.39849761
     30.40303094


      6.59665523 
      6.60118856 
      6.60572189 

     15.57658947 
     15.58112281 
     15.58565614 

     39.94549455
     39.95002789
     39.95456122



      0.00010000 
      0.00010000 
      0.00010000 

      0.16898182 
      0.17351515 
      0.17804848 

     15.96779696
     15.97233029
     15.97686362


      0.00010000 
      0.00010000 
      0.00010000 

      0.80510622 
      0.80963955 
      0.81417289 

     17.07908541
     17.08361874
     17.08815208


      0.00010000 
      0.00010000 
      0.00010000 

      1.44123062 
      1.44576396 
      1.45029729 

     18.19037386
     18.19490719
     18.19944053


      0.00010000 
      0.00010000 
      0.00010000 

      2.07735502 
      2.08188836 
      2.08642169 

     19.30166231
     19.30619564
     19.31072898


      0.00010000 
      0.00010000 
      0.00010000 

      2.71347943 
      2.71801276 
      2.72254609 

     20.41295076
     20.41748409
     20.42201743


      0.00010000 
      0.00010000 
      0.00010000 

      1.07687656 
      1.08140989 
      1.08594322 

     17.30411830
     17.30865163
     17.31318496


      0.00010000 
      0.00010000 
      0.00010000 

      1.71300096 
      1.71753429 
      1.72206762 

     18.41540675
     18.41994008
     18.42447341


      0.00010000 
      0.00010000 
      0.00010000 

      4.62185263 
      4.62638596 
      4.63091930 

     23.74681611
     23.75134945
     23.75588278


      1.14556249 
      1.15009582 
      1.15462915 

      9.80343158 
      9.80796491 
      9.81249825 

     33.29834639
     33.30287973
     33.30741306


      4.71681567 
      4.72134900 
      4.72588234 

     14.98501053 
     14.98954386 
     14.99407719 

     42.84987667
     42.85441001
     42.85894334


      8.28806886 
      8.29260219 
      8.29713552 

     20.16658947 
     20.17112281 
     20.17565614 

     52.40140695
     52.40594029
     52.41047362



      0.00010000 
      0.00010000 
      0.00010000 

      0.21352727 
      0.21806061 
      0.22259394 

     19.98346753
     19.98800086
     19.99253419


      0.00010000 
      0.00010000 
      0.00010000 

      0.84965167 
      0.85418501 
      0.85871834 

     21.09475598
     21.09928931
     21.10382264


      0.00010000 
      0.00010000 
      0.00010000 

      1.48577608 
      1.49030941 
      1.49484274 

     22.20604443
     22.21057776
     22.21511110


      0.00010000 
      0.00010000 
      0.00010000 

      2.12190048 
      2.12643381 
      2.13096715 

     23.31733288
     23.32186621
     23.32639955


      0.00010000 
      0.00010000 
      0.00010000 

      2.75802488 
      2.76255821 
      2.76709155 

     24.42862133
     24.43315466
     24.43768800


      0.00010000 
      0.00010000 
      0.00010000 

      1.12142201 
      1.12595534 
      1.13048868 

     21.31978887
     21.32432220
     21.32885553


      0.00010000 
      0.00010000 
      0.00010000 

      4.03027368 
      4.03480702 
      4.03934035 

     26.65119823
     26.65573156
     26.66026490


      0.00010000 
      0.00010000 
      0.00010000 

      9.21185263 
      9.21638596 
      9.22091930 

     36.20272851
     36.20726184
     36.21179518


      2.83697611 
      2.84150945 
      2.84604278 

     14.39343158 
     14.39796491 
     14.40249825 

     45.75425879
     45.75879213
     45.76332546


      6.40822930 
      6.41276263 
      6.41729597 

     19.57501053 
     19.57954386 
     19.58407719 

     55.30578907
     55.31032241
     55.31485574


      9.97948249 
      9.98401582 
      9.98854915 

     24.75658947 
     24.76112281 
     24.76565614 

     64.85731935
     64.86185269
     64.86638602



      0.00010000 
      0.00010000 
      0.00010000 

      0.25807273 
      0.26260606 
      0.26713939 

     23.99913810
     24.00367143
     24.00820476


      0.00010000 
      0.00010000 
      0.00010000 

      0.89419713 
      0.89873046 
      0.90326380 

     25.11042655
     25.11495988
     25.11949321


      0.00010000 
      0.00010000 
      0.00010000 

      1.53032153 
      1.53485486 
      1.53938820 

     26.22171500
     26.22624833
     26.23078167


      0.00010000 
      0.00010000 
      0.00010000 

      2.16644593 
      2.17097927 
      2.17551260 

     27.33300345
     27.33753678
     27.34207012


      0.00010000 
      0.00010000 
      0.00010000 

      2.80257033 
      2.80710367 
      2.81163700 

     28.44429190
     28.44882523
     28.45335857


      0.00010000 
      0.00010000 
      0.00010000 

      3.43869474 
      3.44322807 
      3.44776140 

     29.55558035
     29.56011368
     29.56464702


      0.00010000 
      0.00010000 
      0.00010000 

      8.62027368 
      8.62480702 
      8.62934035 

     39.10711063
     39.11164396
     39.11617730


      0.95713656 
      0.96166989 
      0.96620323 

     13.80185263 
     13.80638596 
     13.81091930 

     48.65864091
     48.66317424
     48.66770758


      4.52838974 
      4.53292308 
      4.53745641 

     18.98343158 
     18.98796491 
     18.99249825 

     58.21017119
     58.21470452
     58.21923786


      8.09964293 
      8.10417626 
      8.10870960 

     24.16501053 
     24.16954386 
     24.17407719 

     67.76170147
     67.76623480
     67.77076814


     11.67089612 
     11.67542945 
     11.67996278 

     29.34658947 
     29.35112281 
     29.35565614 

     77.31323175
     77.31776509
     77.32229842



      0.00010000 
      0.00010000 
      0.00010000 

      2.57534545 
      2.57987879 
      2.58441212 

     28.01480867
     28.01934200
     28.02387533


      0.00010000 
      0.00010000 
      0.00010000 

      0.93874258 
      0.94327592 
      0.94780925 

     29.12609712
     29.13063045
     29.13516378


      0.00010000 
      0.00010000 
      0.00010000 

      1.57486699 
      1.57940032 
      1.58393365 

     30.23738557
     30.24191890
     30.24645223


      0.00010000 
      0.00010000 
      0.00010000 

      2.21099139 
      2.21552472 
      2.22005805 

     31.34867402
     31.35320735
     31.35774069


      0.00010000 
      0.00010000 
      0.00010000 

      2.84711579 
      2.85164912 
      2.85618246 

     32.45996247
     32.46449580
     32.46902914


      0.00010000 
      0.00010000 
      0.00010000 

      8.02869474 
      8.03322807 
      8.03776140 

     42.01149275
     42.01602608
     42.02055942


      0.00010000 
      0.00010000 
      0.00010000 

     13.21027368 
     13.21480702 
     13.21934035 

     51.56302303
     51.56755636
     51.57208970


      2.64855019 
      2.65308352 
      2.65761685 

     18.39185263 
     18.39638596 
     18.40091930 

     61.11455331
     61.11908664
     61.12361998


      6.21980337 
      6.22433671 
      6.22887004 

     23.57343158 
     23.57796491 
     23.58249825 

     70.66608359
     70.67061692
     70.67515026


      9.79105656 
      9.79558989 
      9.80012323 

     28.75501053 
     28.75954386 
     28.76407719 

     80.21761387
     80.22214720
     80.22668054


      2.45840358 
      2.46293691 
      2.46747025 

      4.34658947 
      4.35112281 
      4.35565614 

      8.49363732
      8.49817065
      8.50270399



      0.00010000 
      0.00010000 
      0.00010000 

      2.61989091 
      2.62442424 
      2.62895758 

     32.03047924
     32.03501257
     32.03954590


      0.00010000 
      0.00010000 
      0.00010000 

      0.98328804 
      0.98782137 
      0.99235470 

     33.14176769
     33.14630102
     33.15083435


      0.00010000 
      0.00010000 
      0.00010000 

      1.61941244 
      1.62394577 
      1.62847911 

     34.25305614
     34.25758947
     34.26212280


      0.00010000 
      0.00010000 
      0.00010000 

      2.25553684 
      2.26007018 
      2.26460351 

     35.36434459
     35.36887792
     35.37341125


      0.00010000 
      0.00010000 
      0.00010000 

      7.43711579 
      7.44164912 
      7.44618246 

     44.91587487
     44.92040820
     44.92494154


      0.00010000 
      0.00010000 
      0.00010000 

     12.61869474 
     12.62322807 
     12.62776140 

     54.46740515
     54.47193848
     54.47647182


      0.76871063 
      0.77324396 
      0.77777730 

     17.80027368 
     17.80480702 
     17.80934035 

     64.01893543
     64.02346876
     64.02800210


      4.33996382 
      4.34449715 
      4.34903048 

     22.98185263 
     22.98638596 
     22.99091930 

     73.57046571
     73.57499904
     73.57953238


      7.91121700 
      7.91575034 
      7.92028367 

     28.16343158 
     28.16796491 
     28.17249825 

     83.12199599
     83.12652932
     83.13106266


      0.57856402 
      0.58309736 
      0.58763069 

      3.75501053 
      3.75954386 
      3.76407719 

     12.37495374
     12.37948708
     12.38402041


      4.01715732 
      4.02169065 
      4.02622398 

      8.57658947 
      8.58112281 
      8.58565614 

     20.94954972
     20.95408305
     20.95861638



      0.00010000 
      0.00010000 
      0.00010000 

      2.66443636 
      2.66896970 
      2.67350303 

     36.04614981
     36.05068314
     36.05521647


      0.00010000 
      0.00010000 
      0.00010000 

      1.02783349 
      1.03236683 
      1.03690016 

     37.15743826
     37.16197159
     37.16650492


      0.00010000 
      0.00010000 
      0.00010000 

      1.66395789 
      1.66849123 
      1.67302456 

     38.26872671
     38.27326004
     38.27779337


      0.00010000 
      0.00010000 
      0.00010000 

      6.84553684 
      6.85007018 
      6.85460351 

     47.82025699
     47.82479032
     47.82932365


      0.00010000 
      0.00010000 
      0.00010000 

     12.02711579 
     12.03164912 
     12.03618246 

     57.37178727
     57.37632060
     57.38085393


      0.00010000 
      0.00010000 
      0.00010000 

     17.20869474 
     17.21322807 
     17.21776140 

     66.92331755
     66.92785088
     66.93238421


      2.46012426 
      2.46465759 
      2.46919093 

     22.39027368 
     22.39480702 
     22.39934035 

     76.47484783
     76.47938116
     76.48391449


      6.03137745 
      6.03591078 
      6.04044411 

     27.57185263 
     27.57638596 
     27.58091930 

     86.02637811
     86.03091144
     86.03544478


      0.00010000 
      0.00010000 
      0.00010000 

      3.16343158 
      3.16796491 
      3.17249825 

     15.27933586
     15.28386920
     15.28840253


      2.13731776 
      2.14185109 
      2.14638443 

      7.98501053 
      7.98954386 
      7.99407719 

     23.85393184
     23.85846517
     23.86299850


      5.70857095 
      5.71310428 
      5.71763761 

     13.16658947 
     13.17112281 
     13.17565614 

     33.40546212
     33.40999545
     33.41452878



      0.00010000 
      0.00010000 
      0.00010000 

      2.70898182 
      2.71351515 
      2.71804848 

     40.06182038
     40.06635371
     40.07088704


      0.00010000 
      0.00010000 
      0.00010000 

      1.07237895 
      1.07691228 
      1.08144561 

     41.17310883
     41.17764216
     41.18217549


      0.00010000 
      0.00010000 
      0.00010000 

      6.25395789 
      6.25849123 
      6.26302456 

     50.72463911
     50.72917244
     50.73370577


      0.00010000 
      0.00010000 
      0.00010000 

     11.43553684 
     11.44007018 
     11.44460351 

     60.27616939
     60.28070272
     60.28523605


      0.00010000 
      0.00010000 
      0.00010000 

     16.61711579 
     16.62164912 
     16.62618246 

     69.82769967
     69.83223300
     69.83676633


      0.58028470 
      0.58481804 
      0.58935137 

     21.79869474 
     21.80322807 
     21.80776140 

     79.37922995
     79.38376328
     79.38829661


      4.15153789 
      4.15607122 
      4.16060456 

     26.98027368 
     26.98480702 
     26.98934035 

     88.93076023
     88.93529356
     88.93982689


      0.00010000 
      0.00010000 
      0.00010000 

      2.57185263 
      2.57638596 
      2.58091930 

     18.18371798
     18.18825132
     18.19278465


      0.25747820 
      0.26201154 
      0.26654487 

      7.39343158 
      7.39796491 
      7.40249825 

     26.75831396
     26.76284729
     26.76738062


      3.82873139 
      3.83326472 
      3.83779806 

     12.57501053 
     12.57954386 
     12.58407719 

     36.30984424
     36.31437757
     36.31891090


      7.39998458 
      7.40451791 
      7.40905124 

     17.75658947 
     17.76112281 
     17.76565614 

     45.86137452
     45.86590785
     45.87044118



