      0.01000000 
      0.01000000 
      0.01000000 

     60.00000000 
      0.01000000 
      0.01000000 

     60.00000000
     60.00000000
     60.00000000


      0.01000000 
      0.01000000 
      0.01000000 

      0.01000000 
      0.01000000 
      0.01000000 

      0.01000000
      0.01000000
      0.01000000


      0.01000000 
      0.01000000 
      0.01000000 

      0.01000000 
      0.01000000 
      0.01000000 

      0.01000000
      0.01000000
      0.01000000


      5.92800000 
      5.92800000 
      5.92800000 

      0.01000000 
      0.01000000 
      0.01000000 

      0.01000000
      0.01000000
      0.01000000


      6.00000000 
      6.00000000 
      6.00000000 

      0.01000000 
      0.01000000 
      0.01000000 

      0.01000000
      0.01000000
      0.01000000


      5.92800000 
      5.92800000 
      5.92800000 

      0.01000000 
      0.01000000 
      0.01000000 

      0.01000000
      0.01000000
      0.01000000


      6.00000000 
      6.00000000 
      6.00000000 

      0.01000000 
      0.01000000 
      0.01000000 

      0.01000000
      0.01000000
      0.01000000


      6.00000000 
      6.00000000 
      6.00000000 

      0.01000000 
      0.01000000 
      0.01000000 

      0.01000000
      0.01000000
      0.01000000


      6.00000000 
      6.00000000 
      6.00000000 

      5.92800000 
      5.92800000 
      5.92800000 

      0.01000000
      0.01000000
      0.01000000


      6.00000000 
      6.00000000 
      6.00000000 

      5.92800000 
      5.92800000 
      5.92800000 

      0.01000000
      0.01000000
      0.01000000


     11.85600000 
     11.85600000 
     11.85600000 

      5.92800000 
      5.92800000 
      5.92800000 

      0.01000000
      0.01000000
      0.01000000



      0.01000000 
      0.01000000 
      0.01000000 

      0.01000000 
      0.01000000 
      0.01000000 

      0.01000000
      0.01000000
      0.01000000


      0.01000000 
      0.01000000 
      0.01000000 

      0.01000000 
      0.01000000 
      0.01000000 

      0.01000000
      0.01000000
      0.01000000


      5.92800000 
      5.92800000 
      5.92800000 

      0.01000000 
      0.01000000 
      0.01000000 

      0.01000000
      0.01000000
      0.01000000


      6.00000000 
      6.00000000 
      6.00000000 

      0.01000000 
      0.01000000 
      0.01000000 

      0.01000000
      0.01000000
      0.01000000


      5.92800000 
      5.92800000 
      5.92800000 

      0.01000000 
      0.01000000 
      0.01000000 

      0.01000000
      0.01000000
      0.01000000


      6.00000000 
      6.00000000 
      6.00000000 

      5.92800000 
      5.92800000 
      5.92800000 

      0.01000000
      0.01000000
      0.01000000


      6.00000000 
      6.00000000 
      6.00000000 

      5.92800000 
      5.92800000 
      5.92800000 

      0.01000000
      0.01000000
      0.01000000


      6.00000000 
      6.00000000 
      6.00000000 

      5.92800000 
      5.92800000 
      5.92800000 

      0.01000000
      0.01000000
      0.01000000


      6.00000000 
      6.00000000 
      6.00000000 

      5.92800000 
      5.92800000 
      5.92800000 

      0.01000000
      0.01000000
      0.01000000


     11.85600000 
     11.85600000 
     11.85600000 

      6.00000000 
      6.00000000 
      6.00000000 

      5.92800000
      5.92800000
      5.92800000


     12.00000000 
     12.00000000 
     12.00000000 

      6.00000000 
      6.00000000 
      6.00000000 

      5.92800000
      5.92800000
      5.92800000



      0.01000000 
      0.01000000 
      0.01000000 

      0.01000000 
      0.01000000 
      0.01000000 

      0.01000000
      0.01000000
      0.01000000


      6.00000000 
      6.00000000 
      6.00000000 

      0.01000000 
      0.01000000 
      0.01000000 

      0.01000000
      0.01000000
      0.01000000


      6.00000000 
      6.00000000 
      6.00000000 

      0.01000000 
      0.01000000 
      0.01000000 

      0.01000000
      0.01000000
      0.01000000


      6.00000000 
      6.00000000 
      6.00000000 

      5.92800000 
      5.92800000 
      5.92800000 

      0.01000000
      0.01000000
      0.01000000


      6.00000000 
      6.00000000 
      6.00000000 

      5.92800000 
      5.92800000 
      5.92800000 

      5.92800000
      5.92800000
      5.92800000


      6.00000000 
      6.00000000 
      6.00000000 

      5.92800000 
      5.92800000 
      5.92800000 

      5.92800000
      5.92800000
      5.92800000


      6.00000000 
      6.00000000 
      6.00000000 

      5.92800000 
      5.92800000 
      5.92800000 

      5.92800000
      5.92800000
      5.92800000


      6.00000000 
      6.00000000 
      6.00000000 

      6.00000000 
      6.00000000 
      6.00000000 

      6.00000000
      6.00000000
      6.00000000


     11.85600000 
     11.85600000 
     11.85600000 

      6.00000000 
      6.00000000 
      6.00000000 

      6.00000000
      6.00000000
      6.00000000


     12.00000000 
     12.00000000 
     12.00000000 

      6.00000000 
      6.00000000 
      6.00000000 

      6.00000000
      6.00000000
      6.00000000


     18.00000000 
     18.00000000 
     18.00000000 

     11.85600000 
     11.85600000 
     11.85600000 

      6.00000000
      6.00000000
      6.00000000



      6.00000000 
      6.00000000 
      6.00000000 

      0.01000000 
      0.01000000 
      0.01000000 

      5.92800000
      5.92800000
      5.92800000


      5.92800000 
      5.92800000 
      5.92800000 

      5.92800000 
      5.92800000 
      5.92800000 

      5.92800000
      5.92800000
      5.92800000


      6.00000000 
      6.00000000 
      6.00000000 

      5.92800000 
      5.92800000 
      5.92800000 

      6.00000000
      6.00000000
      6.00000000


      6.00000000 
      6.00000000 
      6.00000000 

      5.92800000 
      5.92800000 
      5.92800000 

      6.00000000
      6.00000000
      6.00000000


      5.92800000 
      5.92800000 
      5.92800000 

      5.92800000 
      5.92800000 
      5.92800000 

      6.00000000
      6.00000000
      6.00000000


      6.00000000 
      6.00000000 
      6.00000000 

      6.00000000 
      6.00000000 
      6.00000000 

      6.00000000
      6.00000000
      6.00000000


      6.00000000 
      6.00000000 
      6.00000000 

      6.00000000 
      6.00000000 
      6.00000000 

      6.00000000
      6.00000000
      6.00000000


     11.85600000 
     11.85600000 
     11.85600000 

      6.00000000 
      6.00000000 
      6.00000000 

      6.00000000
      6.00000000
      6.00000000


     12.00000000 
     12.00000000 
     12.00000000 

     11.85600000 
     11.85600000 
     11.85600000 

     11.85600000
     11.85600000
     11.85600000


     18.00000000 
     18.00000000 
     18.00000000 

     12.00000000 
     12.00000000 
     12.00000000 

     11.85600000
     11.85600000
     11.85600000


     23.71200000 
     23.71200000 
     23.71200000 

     12.00000000 
     12.00000000 
     12.00000000 

     12.00000000
     12.00000000
     12.00000000



      6.00000000 
      6.00000000 
      6.00000000 

      5.92800000 
      5.92800000 
      5.92800000 

      6.00000000
      6.00000000
      6.00000000


      6.00000000 
      6.00000000 
      6.00000000 

      5.92800000 
      5.92800000 
      5.92800000 

      6.00000000
      6.00000000
      6.00000000


      6.00000000 
      6.00000000 
      6.00000000 

      6.00000000 
      6.00000000 
      6.00000000 

      6.00000000
      6.00000000
      6.00000000


      6.00000000 
      6.00000000 
      6.00000000 

      6.00000000 
      6.00000000 
      6.00000000 

     11.85600000
     11.85600000
     11.85600000


      6.00000000 
      6.00000000 
      6.00000000 

      6.00000000 
      6.00000000 
      6.00000000 

     11.85600000
     11.85600000
     11.85600000


      6.00000000 
      6.00000000 
      6.00000000 

      6.00000000 
      6.00000000 
      6.00000000 

     11.85600000
     11.85600000
     11.85600000


     11.85600000 
     11.85600000 
     11.85600000 

     11.85600000 
     11.85600000 
     11.85600000 

     12.00000000
     12.00000000
     12.00000000


     12.00000000 
     12.00000000 
     12.00000000 

     12.00000000 
     12.00000000 
     12.00000000 

     12.00000000
     12.00000000
     12.00000000


     18.00000000 
     18.00000000 
     18.00000000 

     12.00000000 
     12.00000000 
     12.00000000 

     12.00000000
     12.00000000
     12.00000000


     23.71200000 
     23.71200000 
     23.71200000 

     17.78400000 
     17.78400000 
     17.78400000 

     12.00000000
     12.00000000
     12.00000000


     24.00000000 
     24.00000000 
     24.00000000 

     18.00000000 
     18.00000000 
     18.00000000 

     17.78400000
     17.78400000
     17.78400000



      5.92800000 
      5.92800000 
      5.92800000 

      6.00000000 
      6.00000000 
      6.00000000 

     11.85600000
     11.85600000
     11.85600000


      6.00000000 
      6.00000000 
      6.00000000 

      6.00000000 
      6.00000000 
      6.00000000 

     12.00000000
     12.00000000
     12.00000000


      6.00000000 
      6.00000000 
      6.00000000 

      6.00000000 
      6.00000000 
      6.00000000 

     12.00000000
     12.00000000
     12.00000000


      6.00000000 
      6.00000000 
      6.00000000 

     11.85600000 
     11.85600000 
     11.85600000 

     12.00000000
     12.00000000
     12.00000000


      6.00000000 
      6.00000000 
      6.00000000 

     11.85600000 
     11.85600000 
     11.85600000 

     12.00000000
     12.00000000
     12.00000000


     11.85600000 
     11.85600000 
     11.85600000 

     12.00000000 
     12.00000000 
     12.00000000 

     17.78400000
     17.78400000
     17.78400000


     12.00000000 
     12.00000000 
     12.00000000 

     12.00000000 
     12.00000000 
     12.00000000 

     17.78400000
     17.78400000
     17.78400000


     18.00000000 
     18.00000000 
     18.00000000 

     17.78400000 
     17.78400000 
     17.78400000 

     18.00000000
     18.00000000
     18.00000000


     23.71200000 
     23.71200000 
     23.71200000 

     18.00000000 
     18.00000000 
     18.00000000 

     18.00000000
     18.00000000
     18.00000000


     24.00000000 
     24.00000000 
     24.00000000 

     18.00000000 
     18.00000000 
     18.00000000 

     18.00000000
     18.00000000
     18.00000000


     29.64000000 
     29.64000000 
     29.64000000 

     23.71200000 
     23.71200000 
     23.71200000 

     18.00000000
     18.00000000
     18.00000000



      6.00000000 
      6.00000000 
      6.00000000 

      6.00000000 
      6.00000000 
      6.00000000 

     12.00000000
     12.00000000
     12.00000000


      6.00000000 
      6.00000000 
      6.00000000 

     11.85600000 
     11.85600000 
     11.85600000 

     17.78400000
     17.78400000
     17.78400000


      6.00000000 
      6.00000000 
      6.00000000 

     12.00000000 
     12.00000000 
     12.00000000 

     17.78400000
     17.78400000
     17.78400000


      6.00000000 
      6.00000000 
      6.00000000 

     12.00000000 
     12.00000000 
     12.00000000 

     18.00000000
     18.00000000
     18.00000000


     11.85600000 
     11.85600000 
     11.85600000 

     17.78400000 
     17.78400000 
     17.78400000 

     18.00000000
     18.00000000
     18.00000000


     12.00000000 
     12.00000000 
     12.00000000 

     17.78400000 
     17.78400000 
     17.78400000 

     18.00000000
     18.00000000
     18.00000000


     18.00000000 
     18.00000000 
     18.00000000 

     18.00000000 
     18.00000000 
     18.00000000 

     18.00000000
     18.00000000
     18.00000000


     23.71200000 
     23.71200000 
     23.71200000 

     18.00000000 
     18.00000000 
     18.00000000 

     23.71200000
     23.71200000
     23.71200000


     24.00000000 
     24.00000000 
     24.00000000 

     23.71200000 
     23.71200000 
     23.71200000 

     23.71200000
     23.71200000
     23.71200000


     29.64000000 
     29.64000000 
     29.64000000 

     24.00000000 
     24.00000000 
     24.00000000 

     23.71200000
     23.71200000
     23.71200000


     30.00000000 
     30.00000000 
     30.00000000 

     24.00000000 
     24.00000000 
     24.00000000 

     24.00000000
     24.00000000
     24.00000000



      6.00000000 
      6.00000000 
      6.00000000 

     12.00000000 
     12.00000000 
     12.00000000 

     18.00000000
     18.00000000
     18.00000000


      6.00000000 
      6.00000000 
      6.00000000 

     12.00000000 
     12.00000000 
     12.00000000 

     18.00000000
     18.00000000
     18.00000000


      6.00000000 
      6.00000000 
      6.00000000 

     17.78400000 
     17.78400000 
     17.78400000 

     18.00000000
     18.00000000
     18.00000000


     11.85600000 
     11.85600000 
     11.85600000 

     18.00000000 
     18.00000000 
     18.00000000 

     23.71200000
     23.71200000
     23.71200000


     12.00000000 
     12.00000000 
     12.00000000 

     18.00000000 
     18.00000000 
     18.00000000 

     23.71200000
     23.71200000
     23.71200000


     18.00000000 
     18.00000000 
     18.00000000 

     18.00000000 
     18.00000000 
     18.00000000 

     24.00000000
     24.00000000
     24.00000000


     23.71200000 
     23.71200000 
     23.71200000 

     23.71200000 
     23.71200000 
     23.71200000 

     24.00000000
     24.00000000
     24.00000000


     24.00000000 
     24.00000000 
     24.00000000 

     24.00000000 
     24.00000000 
     24.00000000 

     24.00000000
     24.00000000
     24.00000000


     29.64000000 
     29.64000000 
     29.64000000 

     24.00000000 
     24.00000000 
     24.00000000 

     24.00000000
     24.00000000
     24.00000000


     30.00000000 
     30.00000000 
     30.00000000 

     29.64000000 
     29.64000000 
     29.64000000 

     29.64000000
     29.64000000
     29.64000000


     36.00000000 
     36.00000000 
     36.00000000 

     29.64000000 
     29.64000000 
     29.64000000 

     29.64000000
     29.64000000
     29.64000000



      6.00000000 
      6.00000000 
      6.00000000 

     17.78400000 
     17.78400000 
     17.78400000 

     24.00000000
     24.00000000
     24.00000000


      6.00000000 
      6.00000000 
      6.00000000 

     18.00000000 
     18.00000000 
     18.00000000 

     24.00000000
     24.00000000
     24.00000000


     12.00000000 
     12.00000000 
     12.00000000 

     18.00000000 
     18.00000000 
     18.00000000 

     24.00000000
     24.00000000
     24.00000000


     17.78400000 
     17.78400000 
     17.78400000 

     23.71200000 
     23.71200000 
     23.71200000 

     24.00000000
     24.00000000
     24.00000000


     18.00000000 
     18.00000000 
     18.00000000 

     24.00000000 
     24.00000000 
     24.00000000 

     29.64000000
     29.64000000
     29.64000000


     23.71200000 
     23.71200000 
     23.71200000 

     24.00000000 
     24.00000000 
     24.00000000 

     29.64000000
     29.64000000
     29.64000000


     24.00000000 
     24.00000000 
     24.00000000 

     24.00000000 
     24.00000000 
     24.00000000 

     29.64000000
     29.64000000
     29.64000000


     29.64000000 
     29.64000000 
     29.64000000 

     29.64000000 
     29.64000000 
     29.64000000 

     30.00000000
     30.00000000
     30.00000000


     35.56800000 
     35.56800000 
     35.56800000 

     30.00000000 
     30.00000000 
     30.00000000 

     30.00000000
     30.00000000
     30.00000000


     36.00000000 
     36.00000000 
     36.00000000 

     30.00000000 
     30.00000000 
     30.00000000 

     30.00000000
     30.00000000
     30.00000000


     41.49600000 
     41.49600000 
     41.49600000 

     35.56800000 
     35.56800000 
     35.56800000 

     35.56800000
     35.56800000
     35.56800000



      6.00000000 
      6.00000000 
      6.00000000 

     18.00000000 
     18.00000000 
     18.00000000 

     29.64000000
     29.64000000
     29.64000000


     12.00000000 
     12.00000000 
     12.00000000 

     23.71200000 
     23.71200000 
     23.71200000 

     29.64000000
     29.64000000
     29.64000000


     17.78400000 
     17.78400000 
     17.78400000 

     24.00000000 
     24.00000000 
     24.00000000 

     30.00000000
     30.00000000
     30.00000000


     18.00000000 
     18.00000000 
     18.00000000 

     24.00000000 
     24.00000000 
     24.00000000 

     30.00000000
     30.00000000
     30.00000000


     23.71200000 
     23.71200000 
     23.71200000 

     24.00000000 
     24.00000000 
     24.00000000 

     30.00000000
     30.00000000
     30.00000000


     24.00000000 
     24.00000000 
     24.00000000 

     29.64000000 
     29.64000000 
     29.64000000 

     30.00000000
     30.00000000
     30.00000000


     29.64000000 
     29.64000000 
     29.64000000 

     30.00000000 
     30.00000000 
     30.00000000 

     35.56800000
     35.56800000
     35.56800000


     35.56800000 
     35.56800000 
     35.56800000 

     30.00000000 
     30.00000000 
     30.00000000 

     35.56800000
     35.56800000
     35.56800000


     36.00000000 
     36.00000000 
     36.00000000 

     35.56800000 
     35.56800000 
     35.56800000 

     36.00000000
     36.00000000
     36.00000000


     41.49600000 
     41.49600000 
     41.49600000 

     36.00000000 
     36.00000000 
     36.00000000 

     36.00000000
     36.00000000
     36.00000000


     42.00000000 
     42.00000000 
     42.00000000 

     36.00000000 
     36.00000000 
     36.00000000 

     36.00000000
     36.00000000
     36.00000000



     12.00000000 
     12.00000000 
     12.00000000 

     24.00000000 
     24.00000000 
     24.00000000 

     30.00000000
     30.00000000
     30.00000000


     17.78400000 
     17.78400000 
     17.78400000 

     24.00000000 
     24.00000000 
     24.00000000 

     35.56800000
     35.56800000
     35.56800000


     18.00000000 
     18.00000000 
     18.00000000 

     29.64000000 
     29.64000000 
     29.64000000 

     35.56800000
     35.56800000
     35.56800000


     23.71200000 
     23.71200000 
     23.71200000 

     29.64000000 
     29.64000000 
     29.64000000 

     36.00000000
     36.00000000
     36.00000000


     24.00000000 
     24.00000000 
     24.00000000 

     30.00000000 
     30.00000000 
     30.00000000 

     36.00000000
     36.00000000
     36.00000000


     29.64000000 
     29.64000000 
     29.64000000 

     35.56800000 
     35.56800000 
     35.56800000 

     36.00000000
     36.00000000
     36.00000000


     35.56800000 
     35.56800000 
     35.56800000 

     36.00000000 
     36.00000000 
     36.00000000 

     36.00000000
     36.00000000
     36.00000000


     36.00000000 
     36.00000000 
     36.00000000 

     36.00000000 
     36.00000000 
     36.00000000 

     36.00000000
     36.00000000
     36.00000000


     41.49600000 
     41.49600000 
     41.49600000 

     36.00000000 
     36.00000000 
     36.00000000 

     41.49600000
     41.49600000
     41.49600000


     42.00000000 
     42.00000000 
     42.00000000 

     41.49600000 
     41.49600000 
     41.49600000 

     41.49600000
     41.49600000
     41.49600000


     48.00000000 
     48.00000000 
     48.00000000 

     42.00000000 
     42.00000000 
     42.00000000 

     42.00000000
     42.00000000
     42.00000000



