 asset state grid
      0.00000000 
      5.00000000 
     10.00000000 
     15.00000000 
     20.00000000 
     25.00000000 
     30.00000000 
     35.00000000 
     40.00000000 
     45.00000000 
     50.00000000 
 
 asset policy grid
      0.00000000 
      2.27272727 
      4.54545455 
      6.81818182 
      9.09090909 
     11.36363636 
     13.63636364 
     15.90909091 
     18.18181818 
     20.45454545 
     22.72727273 
     25.00000000 
     27.27272727 
     29.54545455 
     31.81818182 
     34.09090909 
     36.36363636 
     38.63636364 
     40.90909091 
     43.18181818 
     45.45454545 
     47.72727273 
     50.00000000 
 
 durable state grid
      0.00000000 
      6.00000000 
     12.00000000 
     18.00000000 
     24.00000000 
     30.00000000 
     36.00000000 
     42.00000000 
     48.00000000 
     54.00000000 
     60.00000000 
 
 durable policy grid
      0.00000000 
      0.01000000 
      5.92800000 
      6.00000000 
     11.85600000 
     12.00000000 
     17.78400000 
     18.00000000 
     23.71200000 
     24.00000000 
     29.64000000 
     30.00000000 
     35.56800000 
     36.00000000 
     41.49600000 
     42.00000000 
     47.42400000 
     48.00000000 
     53.35200000 
     54.00000000 
     59.28000000 
     59.99000000 
     60.00000000 
 
 exchange rate grid
      0.36849970 
      1.00000000 
      2.71370641 
 
 idiosyncratic income grid
      0.90000000 
      1.00000000 
      1.10000000 
 
 transition matrix
      0.34219315      0.03340360      0.00012535      0.20531589      0.02004216      0.00007521      0.06843863      0.00668072      0.00002507
      0.15768149      0.43319280      0.15768149      0.09460890      0.25991568      0.09460890      0.03153630      0.08663856      0.03153630
      0.00012535      0.03340360      0.34219315      0.00007521      0.02004216      0.20531589      0.00002507      0.00668072      0.06843863
      0.27375452      0.02672288      0.00010028      0.34219315      0.03340360      0.00012535      0.34219315      0.03340360      0.00012535
      0.12614520      0.34655424      0.12614520      0.15768149      0.43319280      0.15768149      0.15768149      0.43319280      0.15768149
      0.00010028      0.02672288      0.27375452      0.00012535      0.03340360      0.34219315      0.00012535      0.03340360      0.34219315
      0.06843863      0.00668072      0.00002507      0.13687726      0.01336144      0.00005014      0.27375452      0.02672288      0.00010028
      0.03153630      0.08663856      0.03153630      0.06307260      0.17327712      0.06307260      0.12614520      0.34655424      0.12614520
      0.00002507      0.00668072      0.06843863      0.00005014      0.01336144      0.13687726      0.00010028      0.02672288      0.27375452
