-7572533003.18936825 
-6587901419.14993286 
-6376280244.80182552 

-10000000000.26848221 
-6941812337.29941273 
-6735859359.43817234 

-10000000000.26658440
-10000000000.26658249
-10000000000.26658058


     -2.06647108 
     -2.06434670 
     -2.06223038 

     -2.42732604 
     -2.42542187 
     -2.42352330 

     -3.03508670
     -3.03097395
     -3.02688151


     -1.03689778 
     -1.03652370 
     -1.03615014 

     -1.15916057 
     -1.15877913 
     -1.15839819 

     -1.30563049
     -1.30525801
     -1.30488594


     -0.70912663 
     -0.70890938 
     -0.70869248 

     -0.81174064 
     -0.81157680 
     -0.81141310 

     -0.91573392
     -0.91554109
     -0.91534842


     -0.54393853 
     -0.54385304 
     -0.54376763 

     -0.65695027 
     -0.65685574 
     -0.65676128 

     -0.72535771
     -0.72526470
     -0.72517175


     -0.46375641 
     -0.46370352 
     -0.46365067 

     -0.56355450 
     -0.56349426 
     -0.56343405 

     -0.61562497
     -0.61556067
     -0.61549640


     -0.41670060 
     -0.41666842 
     -0.41663626 

     -0.50102662 
     -0.50098301 
     -0.50093942 

     -0.54311058
     -0.54306919
     -0.54302782


     -0.38734370 
     -0.38732177 
     -0.38729985 

     -0.45698861 
     -0.45695961 
     -0.45693063 

     -0.49116258
     -0.49112902
     -0.49109547


     -0.36702745 
     -0.36701150 
     -0.36699555 

     -0.42035217 
     -0.42032354 
     -0.42029492 

     -0.45216142
     -0.45213778
     -0.45211414


     -0.35426441 
     -0.35425318 
     -0.35424195 

     -0.39227017 
     -0.39224960 
     -0.39222903 

     -0.42441380
     -0.42439617
     -0.42437854


     -0.34547114 
     -0.34545989 
     -0.34544866 

     -0.37128243 
     -0.37126750 
     -0.37125257 

     -0.40623300
     -0.40621944
     -0.40620588



     -1.93322715 
     -1.93161702 
     -1.93001191 

     -0.97708725 
     -0.97683729 
     -0.97658758 

     -0.65596937
     -0.65590125
     -0.65583316


     -1.01344015 
     -1.01310193 
     -1.01276415 

     -0.73949202 
     -0.73936795 
     -0.73924397 

     -0.57147495
     -0.57142626
     -0.57137759


     -0.69464352 
     -0.69445203 
     -0.69426081 

     -0.61164230 
     -0.61156732 
     -0.61149238 

     -0.51244783
     -0.51241395
     -0.51238009


     -0.53846113 
     -0.53838145 
     -0.53830184 

     -0.53493109 
     -0.53488057 
     -0.53483008 

     -0.46781124
     -0.46778407
     -0.46775691


     -0.46021149 
     -0.46016159 
     -0.46011171 

     -0.48121461 
     -0.48117992 
     -0.48114525 

     -0.43593862
     -0.43591872
     -0.43589882


     -0.41459915 
     -0.41456830 
     -0.41453747 

     -0.44324530 
     -0.44321045 
     -0.44317561 

     -0.41279599
     -0.41278111
     -0.41276623


     -0.38596427 
     -0.38594304 
     -0.38592182 

     -0.40748797 
     -0.40746375 
     -0.40743953 

     -0.39966039
     -0.39964798
     -0.39963556


     -0.36604926 
     -0.36603372 
     -0.36601818 

     -0.38281612 
     -0.38279798 
     -0.38277985 

     -0.39140090
     -0.39138969
     -0.39137848


     -0.35372484 
     -0.35371377 
     -0.35370271 

     -0.36461201 
     -0.36459805 
     -0.36458410 

     -0.38570126
     -0.38569073
     -0.38568020


     -0.34489599 
     -0.34488495 
     -0.34487390 

     -0.35258063 
     -0.35257056 
     -0.35256048 

     -0.36837020
     -0.36835754
     -0.36834488


     -0.33714816 
     -0.33713934 
     -0.33713052 

     -0.34554139 
     -0.34553304 
     -0.34552469 

     -0.35438608
     -0.35437633
     -0.35436657



     -0.99305964 
     -0.99275033 
     -0.99244140 

     -0.57687209 
     -0.57681071 
     -0.57674936 

     -0.42133085
     -0.42131400
     -0.42129716


     -0.68189478 
     -0.68171980 
     -0.68154505 

     -0.51023305 
     -0.51018936 
     -0.51014568 

     -0.40455079
     -0.40453754
     -0.40452429


     -0.53349828 
     -0.53342360 
     -0.53334897 

     -0.46380162 
     -0.46376991 
     -0.46373820 

     -0.39458610
     -0.39457445
     -0.39456281


     -0.45689979 
     -0.45685202 
     -0.45680428 

     -0.42711670 
     -0.42708757 
     -0.42705845 

     -0.38794858
     -0.38793779
     -0.38792701


     -0.41261981 
     -0.41259019 
     -0.41256058 

     -0.39665556 
     -0.39663477 
     -0.39661398 

     -0.37631546
     -0.37630163
     -0.37628780


     -0.38464949 
     -0.38462892 
     -0.38460835 

     -0.37429820 
     -0.37428209 
     -0.37426599 

     -0.36029230
     -0.36028143
     -0.36027056


     -0.36510949 
     -0.36509434 
     -0.36507919 

     -0.35872862 
     -0.35871675 
     -0.35870488 

     -0.34900852
     -0.34900003
     -0.34899155


     -0.35320084 
     -0.35318994 
     -0.35317903 

     -0.34926901 
     -0.34925980 
     -0.34925059 

     -0.34283305
     -0.34282569
     -0.34281833


     -0.34433876 
     -0.34432789 
     -0.34431703 

     -0.34343568 
     -0.34342776 
     -0.34341984 

     -0.33890114
     -0.33889436
     -0.33888758


     -0.33679791 
     -0.33678918 
     -0.33678045 

     -0.33948602 
     -0.33947880 
     -0.33947159 

     -0.33620032
     -0.33619387
     -0.33618742


     -0.32992780 
     -0.32991940 
     -0.32991100 

     -0.33654225 
     -0.33653403 
     -0.33652580 

     -0.33422431
     -0.33421807
     -0.33421182



     -0.67088660 
     -0.67072855 
     -0.67057069 

     -0.44917492 
     -0.44914880 
     -0.44912270 

     -0.36640044
     -0.36638837
     -0.36637631


     -0.52797050 
     -0.52788810 
     -0.52780577 

     -0.41303194 
     -0.41300723 
     -0.41298253 

     -0.35295950
     -0.35295011
     -0.35294071


     -0.45380376 
     -0.45375841 
     -0.45371310 

     -0.38688598 
     -0.38686598 
     -0.38684599 

     -0.34517147
     -0.34516370
     -0.34515594


     -0.41075205 
     -0.41072355 
     -0.41069506 

     -0.36746664 
     -0.36745238 
     -0.36743812 

     -0.34041488
     -0.34040789
     -0.34040090


     -0.38323604 
     -0.38321455 
     -0.38319307 

     -0.35422201 
     -0.35421152 
     -0.35420104 

     -0.33726403
     -0.33725746
     -0.33725089


     -0.36420587 
     -0.36419109 
     -0.36417631 

     -0.34655742 
     -0.34654885 
     -0.34654027 

     -0.33501479
     -0.33500846
     -0.33500214


     -0.35269174 
     -0.35268098 
     -0.35267023 

     -0.34163915 
     -0.34163156 
     -0.34162398 

     -0.33332407
     -0.33331791
     -0.33331174


     -0.34379858 
     -0.34378789 
     -0.34377720 

     -0.33820400 
     -0.33819699 
     -0.33818998 

     -0.33200418
     -0.33199813
     -0.33199207


     -0.33645609 
     -0.33644744 
     -0.33643880 

     -0.33414789 
     -0.33414021 
     -0.33413254 

     -0.32886515
     -0.32885890
     -0.32885265


     -0.32955607 
     -0.32954778 
     -0.32953948 

     -0.32977143 
     -0.32976459 
     -0.32975775 

     -0.32533700
     -0.32533126
     -0.32532553


     -0.32427370 
     -0.32426570 
     -0.32425771 

     -0.32663336 
     -0.32662704 
     -0.32662072 

     -0.32287186
     -0.32286641
     -0.32286096



     -0.52252312 
     -0.52244534 
     -0.52236763 

     -0.37776618 
     -0.37774862 
     -0.37773106 

     -0.33590907
     -0.33590265
     -0.33589623


     -0.45092659 
     -0.45088341 
     -0.45084026 

     -0.36104194 
     -0.36102929 
     -0.36101664 

     -0.33400505
     -0.33399882
     -0.33399259


     -0.40898652 
     -0.40895904 
     -0.40893158 

     -0.35060083 
     -0.35059128 
     -0.35058174 

     -0.33254097
     -0.33253487
     -0.33252877


     -0.38185736 
     -0.38183644 
     -0.38181553 

     -0.34429395 
     -0.34428585 
     -0.34427776 

     -0.33080642
     -0.33080016
     -0.33079390


     -0.36333633 
     -0.36332189 
     -0.36330746 

     -0.34008728 
     -0.34007997 
     -0.34007266 

     -0.32669771
     -0.32669179
     -0.32668587


     -0.35219689 
     -0.35218628 
     -0.35217568 

     -0.33707046 
     -0.33706361 
     -0.33705677 

     -0.32386202
     -0.32385646
     -0.32385091


     -0.34327468 
     -0.34326416 
     -0.34325364 

     -0.33214145 
     -0.33213419 
     -0.33212694 

     -0.32175766
     -0.32175233
     -0.32174700


     -0.33612239 
     -0.33611383 
     -0.33610527 

     -0.32835426 
     -0.32834767 
     -0.32834107 

     -0.32017229
     -0.32016711
     -0.32016192


     -0.32919381 
     -0.32918561 
     -0.32917741 

     -0.32559700 
     -0.32559083 
     -0.32558466 

     -0.31893754
     -0.31893246
     -0.31892738


     -0.32388212 
     -0.32387424 
     -0.32386635 

     -0.32258740 
     -0.32258106 
     -0.32257472 

     -0.31794711
     -0.31794210
     -0.31793710


     -0.31841043 
     -0.31840389 
     -0.31839735 

     -0.31908649 
     -0.31908076 
     -0.31907503 

     -0.31533215
     -0.31532728
     -0.31532241



     -0.44798328 
     -0.44793737 
     -0.44789149 

     -0.34765485 
     -0.34764603 
     -0.34763720 

     -0.32497066
     -0.32496497
     -0.32495928


     -0.40709719 
     -0.40706850 
     -0.40703983 

     -0.34237430 
     -0.34236658 
     -0.34235887 

     -0.32259794
     -0.32259252
     -0.32258709


     -0.38053164 
     -0.38051138 
     -0.38049113 

     -0.33873248 
     -0.33872539 
     -0.33871830 

     -0.32081033
     -0.32080509
     -0.32079985


     -0.36249892 
     -0.36248482 
     -0.36247071 

     -0.33511816 
     -0.33511027 
     -0.33510238 

     -0.31943939
     -0.31943427
     -0.31942915


     -0.35171569 
     -0.35170523 
     -0.35169476 

     -0.33043429 
     -0.33042736 
     -0.33042043 

     -0.31835275
     -0.31834771
     -0.31834268


     -0.34276632 
     -0.34275596 
     -0.34274559 

     -0.32711640 
     -0.32711001 
     -0.32710361 

     -0.31662984
     -0.31662479
     -0.31661974


     -0.33579652 
     -0.33578804 
     -0.33577956 

     -0.32467335 
     -0.32466731 
     -0.32466127 

     -0.31392566
     -0.31392096
     -0.31391626


     -0.32884065 
     -0.32883255 
     -0.32882444 

     -0.32099621 
     -0.32099017 
     -0.32098413 

     -0.31198373
     -0.31197924
     -0.31197475


     -0.32350097 
     -0.32349319 
     -0.32348541 

     -0.31791572 
     -0.31791018 
     -0.31790463 

     -0.31044462
     -0.31044028
     -0.31043594


     -0.31815281 
     -0.31814633 
     -0.31813985 

     -0.31560340 
     -0.31559819 
     -0.31559298 

     -0.30924877
     -0.30924452
     -0.30924028


     -0.31423479 
     -0.31422827 
     -0.31422174 

     -0.31360800 
     -0.31360259 
     -0.31359719 

     -0.30829132
     -0.30828714
     -0.30828297



     -0.40521066 
     -0.40518311 
     -0.40515557 

     -0.33753884 
     -0.33753193 
     -0.33752502 

     -0.31783228
     -0.31782728
     -0.31782228


     -0.37926681 
     -0.37924716 
     -0.37922753 

     -0.33295853 
     -0.33295111 
     -0.33294369 

     -0.31498281
     -0.31497798
     -0.31497316


     -0.36169188 
     -0.36167808 
     -0.36166428 

     -0.32893623 
     -0.32892953 
     -0.32892284 

     -0.31275917
     -0.31275460
     -0.31275003


     -0.35124758 
     -0.35123725 
     -0.35122692 

     -0.32602528 
     -0.32601905 
     -0.32601282 

     -0.31106354
     -0.31105914
     -0.31105474


     -0.34227280 
     -0.34226259 
     -0.34225237 

     -0.32334798 
     -0.32334149 
     -0.32333500 

     -0.30973452
     -0.30973023
     -0.30972595


     -0.33547820 
     -0.33546979 
     -0.33546139 

     -0.31962265 
     -0.31961685 
     -0.31961105 

     -0.30868326
     -0.30867906
     -0.30867486


     -0.32849625 
     -0.32848823 
     -0.32848021 

     -0.31688326 
     -0.31687788 
     -0.31687249 

     -0.30782973
     -0.30782559
     -0.30782145


     -0.32312981 
     -0.32312213 
     -0.32311446 

     -0.31481855 
     -0.31481344 
     -0.31480834 

     -0.30664414
     -0.30663990
     -0.30663566


     -0.31790071 
     -0.31789428 
     -0.31788786 

     -0.31230711 
     -0.31230193 
     -0.31229675 

     -0.30477051
     -0.30476647
     -0.30476244


     -0.31396676 
     -0.31396030 
     -0.31395384 

     -0.30975713 
     -0.30975233 
     -0.30974752 

     -0.30335859
     -0.30335469
     -0.30335079


     -0.31007635 
     -0.31007067 
     -0.31006499 

     -0.30777431 
     -0.30776977 
     -0.30776524 

     -0.30218849
     -0.30218468
     -0.30218087



     -0.37805869 
     -0.37803962 
     -0.37802056 

     -0.32762619 
     -0.32761971 
     -0.32761324 

     -0.30911225
     -0.30910802
     -0.30910378


     -0.36091353 
     -0.36090003 
     -0.36088652 

     -0.32505584 
     -0.32504975 
     -0.32504366 

     -0.30818041
     -0.30817624
     -0.30817208


     -0.35079202 
     -0.35078181 
     -0.35077161 

     -0.32164720 
     -0.32164104 
     -0.32163488 

     -0.30741445
     -0.30741034
     -0.30740622


     -0.34179347 
     -0.34178340 
     -0.34177333 

     -0.31839795 
     -0.31839233 
     -0.31838671 

     -0.30551609
     -0.30551198
     -0.30550787


     -0.33516716 
     -0.33515883 
     -0.33515051 

     -0.31596557 
     -0.31596031 
     -0.31595505 

     -0.30392763
     -0.30392368
     -0.30391973


     -0.32816026 
     -0.32815233 
     -0.32814441 

     -0.31410999 
     -0.31410497 
     -0.31409995 

     -0.30266541
     -0.30266155
     -0.30265770


     -0.32276826 
     -0.32276068 
     -0.32275311 

     -0.31117051 
     -0.31116551 
     -0.31116052 

     -0.30163378
     -0.30163001
     -0.30162624


     -0.31765394 
     -0.31764757 
     -0.31764121 

     -0.30887604 
     -0.30887136 
     -0.30886668 

     -0.30079756
     -0.30079385
     -0.30079014


     -0.31370467 
     -0.31369827 
     -0.31369187 

     -0.30709347 
     -0.30708902 
     -0.30708457 

     -0.30010525
     -0.30010158
     -0.30009792


     -0.30988720 
     -0.30988156 
     -0.30987592 

     -0.30556680 
     -0.30556207 
     -0.30555734 

     -0.29896089
     -0.29895715
     -0.29895341


     -0.30582107 
     -0.30581578 
     -0.30581048 

     -0.30341762 
     -0.30341320 
     -0.30340878 

     -0.29758512
     -0.29758151
     -0.29757791



     -0.36016235 
     -0.36014912 
     -0.36013590 

     -0.32018651 
     -0.32018061 
     -0.32017472 

     -0.30319377
     -0.30318987
     -0.30318598


     -0.35034849 
     -0.35033841 
     -0.35032833 

     -0.31730957 
     -0.31730412 
     -0.31729867 

     -0.30205453
     -0.30205072
     -0.30204692


     -0.34132405 
     -0.34131406 
     -0.34130408 

     -0.31514419 
     -0.31513904 
     -0.31513389 

     -0.30114098
     -0.30113725
     -0.30113351


     -0.33481036 
     -0.33480057 
     -0.33479078 

     -0.31284137 
     -0.31283610 
     -0.31283083 

     -0.30039116
     -0.30038747
     -0.30038379


     -0.32783240 
     -0.32782455 
     -0.32781671 

     -0.31016633 
     -0.31016146 
     -0.31015660 

     -0.29968745
     -0.29968364
     -0.29967983


     -0.32241594 
     -0.32240846 
     -0.32240098 

     -0.30808715 
     -0.30808257 
     -0.30807799 

     -0.29813957
     -0.29813592
     -0.29813226


     -0.31741233 
     -0.31740602 
     -0.31739971 

     -0.30647539 
     -0.30647101 
     -0.30646663 

     -0.29694696
     -0.29694340
     -0.29693985


     -0.31344831 
     -0.31344197 
     -0.31343563 

     -0.30460771 
     -0.30460313 
     -0.30459854 

     -0.29595356
     -0.29595007
     -0.29594659


     -0.30966589 
     -0.30965977 
     -0.30965366 

     -0.30267502 
     -0.30267067 
     -0.30266632 

     -0.29512786
     -0.29512443
     -0.29512101


     -0.30562019 
     -0.30561494 
     -0.30560969 

     -0.30111416 
     -0.30111000 
     -0.30110583 

     -0.29444518
     -0.29444179
     -0.29443841


     -0.30228761 
     -0.30228240 
     -0.30227719 

     -0.29923159 
     -0.29922750 
     -0.29922341 

     -0.29344875
     -0.29344543
     -0.29344211



     -0.34991652 
     -0.34990656 
     -0.34989660 

     -0.31440445 
     -0.31439940 
     -0.31439434 

     -0.29876024
     -0.29875653
     -0.29875281


     -0.34086498 
     -0.34085513 
     -0.34084528 

     -0.31163863 
     -0.31163356 
     -0.31162849 

     -0.29743035
     -0.29742675
     -0.29742316


     -0.33431108 
     -0.33430145 
     -0.33429182 

     -0.30924068 
     -0.30923595 
     -0.30923122 

     -0.29636949
     -0.29636597
     -0.29636245


     -0.32751235 
     -0.32750458 
     -0.32749682 

     -0.30737644 
     -0.30737195 
     -0.30736747 

     -0.29546681
     -0.29546336
     -0.29545991


     -0.32207250 
     -0.32206511 
     -0.32205772 

     -0.30591162 
     -0.30590730 
     -0.30590299 

     -0.29472700
     -0.29472360
     -0.29472020


     -0.31717573 
     -0.31716947 
     -0.31716321 

     -0.30375452 
     -0.30375005 
     -0.30374559 

     -0.29410900
     -0.29410563
     -0.29410227


     -0.31319750 
     -0.31319122 
     -0.31318493 

     -0.30198689 
     -0.30198262 
     -0.30197835 

     -0.29264452
     -0.29264128
     -0.29263803


     -0.30939132 
     -0.30938527 
     -0.30937922 

     -0.30056795 
     -0.30056385 
     -0.30055974 

     -0.29147680
     -0.29147366
     -0.29147052


     -0.30542319 
     -0.30541797 
     -0.30541276 

     -0.29841005 
     -0.29840607 
     -0.29840210 

     -0.29050544
     -0.29050237
     -0.29049931


     -0.30208055 
     -0.30207538 
     -0.30207021 

     -0.29669134 
     -0.29668757 
     -0.29668380 

     -0.28968603
     -0.28968302
     -0.28968001


     -0.29898295 
     -0.29897833 
     -0.29897371 

     -0.29531007 
     -0.29530647 
     -0.29530286 

     -0.28900948
     -0.28900651
     -0.28900355



     -0.34041863 
     -0.34040891 
     -0.34039919 

     -0.30841425 
     -0.30840963 
     -0.30840501 

     -0.29436482
     -0.29436144
     -0.29435807


     -0.33382662 
     -0.33381714 
     -0.33380766 

     -0.30673265 
     -0.30672824 
     -0.30672383 

     -0.29325228
     -0.29324898
     -0.29324568


     -0.32719983 
     -0.32719215 
     -0.32718446 

     -0.30500383 
     -0.30499919 
     -0.30499454 

     -0.29195009
     -0.29194690
     -0.29194372


     -0.32173759 
     -0.32173029 
     -0.32172298 

     -0.30299030 
     -0.30298594 
     -0.30298157 

     -0.29091868
     -0.29091558
     -0.29091248


     -0.31694397 
     -0.31693776 
     -0.31693155 

     -0.30136337 
     -0.30135918 
     -0.30135498 

     -0.29002225
     -0.29001922
     -0.29001618


     -0.31295205 
     -0.31294582 
     -0.31293959 

     -0.29961275 
     -0.29960860 
     -0.29960446 

     -0.28928867
     -0.28928569
     -0.28928271


     -0.30912298 
     -0.30911699 
     -0.30911101 

     -0.29766894 
     -0.29766505 
     -0.29766115 

     -0.28867663
     -0.28867368
     -0.28867074


     -0.30522994 
     -0.30522476 
     -0.30521959 

     -0.29608447 
     -0.29608078 
     -0.29607708 

     -0.28815776
     -0.28815484
     -0.28815192


     -0.30187757 
     -0.30187244 
     -0.30186732 

     -0.29482269 
     -0.29481914 
     -0.29481558 

     -0.28717381
     -0.28717081
     -0.28716780


     -0.29883023 
     -0.29882563 
     -0.29882104 

     -0.29326829 
     -0.29326460 
     -0.29326091 

     -0.28626141
     -0.28625847
     -0.28625554


     -0.29580649 
     -0.29580190 
     -0.29579731 

     -0.29178564 
     -0.29178209 
     -0.29177855 

     -0.28549639
     -0.28549350
     -0.28549060



