      0.10000000 
      0.10000000 
      0.10000000 
      0.10000000 
      0.10000000 
      0.10000000 
      0.10000000

      0.10000000 
      0.17105089 
      0.36298158 
      0.55491228 
      0.74684298 
      0.93877368 
      1.13070437

      0.10000000 
      0.10000000 
      0.11614559 
      0.18649123 
      0.25683687 
      0.32718251 
      0.39752815

      0.10000000 
      0.26051584 
      0.53929301 
      0.81807018 
      1.09684734 
      1.37562451 
      1.65440168

      0.10000000 
      0.13526490 
      0.29245701 
      0.44964912 
      0.60684123 
      0.76403334 
      0.92122545

      0.10000000 
      0.10000000 
      0.10000000 
      0.10000000 
      0.11683512 
      0.15244218 
      0.18804923

      0.10000000 
      0.22472986 
      0.46876844 
      0.71280702 
      0.95684560 
      1.20088418 
      1.44492275

      0.10000000 
      0.10000000 
      0.22193244 
      0.34438596 
      0.46683949 
      0.58929301 
      0.71174653

      0.10000000 
      0.31419482 
      0.64507986 
      0.97596491 
      1.30684996 
      1.63773501 
      1.96862006

      0.10000000 
      0.18894388 
      0.39824387 
      0.60754386 
      0.81684385 
      1.02614384 
      1.23544383

      0.10000000 
      0.10000000 
      0.15140787 
      0.23912281 
      0.32683774 
      0.41455268 
      0.50226761

      0.10000000 
      0.27840883 
      0.57455529 
      0.87070175 
      1.16684822 
      1.46299468 
      1.75914114

      0.10000000 
      0.15315789 
      0.32771930 
      0.50228070 
      0.67684211 
      0.85140351 
      1.02596491

      0.10000000 
      0.10000000 
      0.10000000 
      0.13385965 
      0.18683600 
      0.23981234 
      0.29278869

      0.10000000 
      0.24262285 
      0.50403072 
      0.76543860 
      1.02684647 
      1.28825434 
      1.54966222

      0.10000000 
      0.11737191 
      0.25719473 
      0.39701754 
      0.53684036 
      0.67666318 
      0.81648599

      0.10000000 
      0.33208781 
      0.10000000 
      0.10000000 
      0.10000000 
      0.10000000 
      0.10000000

      0.10000000 
      0.20683687 
      0.43350615 
      0.66017544 
      0.88684472 
      1.11351401 
      1.34018329

      0.10000000 
      0.10000000 
      0.18667016 
      0.29175439 
      0.39683861 
      0.50192284 
      0.60700707

      0.10000000 
      0.29630182 
      0.60981758 
      0.92333333 
      1.23684909 
      1.55036484 
      1.86388060

      0.10000000 
      0.85098455 
      1.70294842 
      2.55491228 
      3.40687615 
      4.25884001 
      5.11080388


      0.10000000 
      0.10000000 
      0.13747927 
      0.21833333 
      0.29918740 
      0.38004146 
      0.46089552

      0.10000000 
      0.27134110 
      0.56062669 
      0.84991228 
      1.13919787 
      1.42848346 
      1.71776905

      0.10000000 
      0.14609016 
      0.31379070 
      0.48149123 
      0.64919176 
      0.81689229 
      0.98459283

      0.10000000 
      0.10000000 
      0.10000000 
      0.11307018 
      0.15918565 
      0.20530113 
      0.25141660

      0.10000000 
      0.23555512 
      0.49010212 
      0.74464912 
      0.99919612 
      1.25374313 
      1.50829013

      0.10000000 
      0.11030418 
      0.24326613 
      0.37622807 
      0.50919001 
      0.64215196 
      0.77511390

      0.10000000 
      0.32502008 
      0.66641355 
      0.10000000 
      0.10000000 
      0.10000000 
      0.10000000

      0.10000000 
      0.19976914 
      0.41957755 
      0.63938596 
      0.85919438 
      1.07900279 
      1.29881121

      0.10000000 
      0.10000000 
      0.17274156 
      0.27096491 
      0.36918827 
      0.46741163 
      0.56563498

      0.10000000 
      0.28923409 
      0.59588898 
      0.90254386 
      1.20919874 
      1.51585363 
      1.82250851

      0.10000000 
      0.16398315 
      0.34905298 
      0.53412281 
      0.71919263 
      0.90426246 
      1.08933229

      0.10000000 
      0.10000000 
      0.10221699 
      0.16570175 
      0.22918652 
      0.29267129 
      0.35615606

      0.10000000 
      0.25344811 
      0.52536441 
      0.79728070 
      1.06919700 
      1.34111329 
      1.61302959

      0.10000000 
      0.12819717 
      0.27852841 
      0.42885965 
      0.57919089 
      0.72952213 
      0.87985336

      0.10000000 
      0.10000000 
      0.10000000 
      0.10000000 
      0.10000000 
      0.11793096 
      0.14667714

      0.10000000 
      0.21766213 
      0.45483984 
      0.69201754 
      0.92919525 
      1.16637296 
      1.40355067

      0.10000000 
      0.10000000 
      0.20800384 
      0.32359649 
      0.43918914 
      0.55478179 
      0.67037444

      0.10000000 
      0.30712708 
      0.63115126 
      0.95517544 
      1.27919962 
      1.60322379 
      1.92724797

      0.10000000 
      0.18187615 
      0.38431527 
      0.58675439 
      0.78919351 
      0.99163263 
      1.19407175

      0.10000000 
      0.73655887 
      1.47744610 
      2.21833333 
      2.95922056 
      3.70010779 
      4.44099502

      0.10000000 
      1.63120843 
      3.24056036 
      4.84991228 
      6.45926421 
      8.06861613 
      9.67796805


      0.10000000 
      0.15691542 
      0.33512438 
      0.51333333 
      0.69154229 
      0.86975124 
      1.04796020

      0.10000000 
      0.10000000 
      0.10000000 
      0.14491228 
      0.20153618 
      0.25816008 
      0.31478397

      0.10000000 
      0.24638038 
      0.51143580 
      0.77649123 
      1.04154665 
      1.30660208 
      1.57165750

      0.10000000 
      0.12112944 
      0.26459981 
      0.40807018 
      0.55154054 
      0.69501091 
      0.83848128

      0.10000000 
      0.33584533 
      0.10000000 
      0.10000000 
      0.10000000 
      0.10000000 
      0.10530505

      0.10000000 
      0.21059440 
      0.44091123 
      0.67122807 
      0.90154491 
      1.13186174 
      1.36217858

      0.10000000 
      0.10000000 
      0.19407524 
      0.30280702 
      0.41153880 
      0.52027058 
      0.62900236

      0.10000000 
      0.30005935 
      0.61722266 
      0.93438596 
      1.25154927 
      1.56871258 
      1.88587588

      0.10000000 
      0.17480841 
      0.37038666 
      0.56596491 
      0.76154316 
      0.95712141 
      1.15269966

      0.10000000 
      0.10000000 
      0.12355067 
      0.19754386 
      0.27153705 
      0.34553024 
      0.41952344

      0.10000000 
      0.26427337 
      0.54669809 
      0.82912281 
      1.11154753 
      1.39397224 
      1.67639696

      0.10000000 
      0.13902243 
      0.29986209 
      0.46070175 
      0.62154142 
      0.78238108 
      0.94322074

      0.10000000 
      0.10000000 
      0.10000000 
      0.10000000 
      0.13153531 
      0.17078991 
      0.21004451

      0.10000000 
      0.22848739 
      0.47617352 
      0.72385965 
      0.97154578 
      1.21923191 
      1.46691804

      0.10000000 
      0.10323645 
      0.22933752 
      0.35543860 
      0.48153967 
      0.60764074 
      0.73374182

      0.10000000 
      0.31795234 
      0.65248494 
      0.98701754 
      1.32155014 
      1.65608274 
      0.10000000

      0.10000000 
      0.19270141 
      0.40564895 
      0.61859649 
      0.83154403 
      1.04449158 
      1.25743912

      0.10000000 
      0.10000000 
      0.15881295 
      0.25017544 
      0.34153792 
      0.43290041 
      0.52426290

      0.10000000 
      0.62213319 
      1.25194379 
      1.88175439 
      2.51156498 
      3.14137558 
      3.77118617

      0.10000000 
      1.51678275 
      3.01505804 
      4.51333333 
      6.01160862 
      7.50988391 
      9.00815920

      0.10000000 
      2.41143231 
      4.77817230 
      7.14491228 
      9.51165226 
     11.87839225 
     14.24513223


      0.22805970 
      0.25720564 
      0.53276949 
      0.80833333 
      1.08389718 
      1.35946103 
      1.63502488

      0.23434407 
      0.39502269 
      0.53580082 
      0.67657895 
      0.81735707 
      0.95813520 
      1.09891333

      0.23067819 
      1.28967225 
      2.29891507 
      2.30815789 
      2.98738413 
      3.66661037 
      4.34583661

      0.23696256 
      1.50438815 
      2.05207908 
      2.93973684 
      3.82739461 
      3.05501920 
      3.61266038

      0.23329667 
      1.37913721 
      2.47522650 
      2.57131579 
      3.33738850 
      4.10346120 
      4.86953391

      0.23958104 
      1.59385310 
      2.22839050 
      3.20289474 
      2.84738239 
      3.49187004 
      4.13635769

      0.23591516 
      1.46860216 
      1.98155451 
      2.83447368 
      3.68739286 
      2.88027887 
      3.40318146

      0.24219953 
      1.68331806 
      2.40470193 
      2.46605263 
      3.19738675 
      3.92872087 
      4.66005499

      0.23853365 
      1.55806712 
      2.15786593 
      3.09763158 
      2.70738064 
      3.31712970 
      3.92687876

      0.24481802 
      1.43281618 
      2.58101335 
      2.72921053 
      3.54739111 
      4.36557170 
      3.19370254

      0.24115213 
      1.64753208 
      2.33417736 
      2.36078947 
      3.05738500 
      3.75398054 
      4.45057607

      0.24743650 
      1.52228114 
      2.08734136 
      2.99236842 
      3.89739548 
      3.14238937 
      3.71739984

      0.24377062 
      0.11406171 
      0.25067121 
      0.38728070 
      0.52389020 
      0.66049969 
      0.79710919

      0.10000000 
      0.32877760 
      0.10000000 
      0.10000000 
      0.10000000 
      0.10000000 
      0.10000000

      0.10000000 
      0.20352666 
      0.42698263 
      0.65043860 
      0.87389456 
      1.09735053 
      1.32080649

      0.10000000 
      0.10000000 
      0.18014664 
      0.28201754 
      0.38388845 
      0.48575936 
      0.58763027

      0.10000000 
      0.29299162 
      0.60329406 
      0.91359649 
      1.22389893 
      1.53420136 
      1.84450380

      0.10000000 
      0.50770752 
      1.02644148 
      1.54517544 
      2.06390940 
      2.58264336 
      3.10137732

      0.10000000 
      1.40235707 
      2.78955573 
      4.17675439 
      5.56395304 
      6.95115170 
      8.33835035

      0.10000000 
      2.29700663 
      4.55266998 
      6.80833333 
      9.06399668 
     11.31966003 
     13.57532338

      0.10000000 
      3.19165619 
      6.31578424 
      9.43991228 
     12.56404032 
     15.68816837 
     18.81229641


      0.22074627 
      0.10000000 
      0.10000000 
      0.10333333 
      0.14623549 
      0.18913765 
      0.23203980

      0.22703064 
      0.14514707 
      0.10000000 
      0.73491228 
      0.98624596 
      1.23757965 
      1.48891333

      0.22336476 
      1.03979663 
      1.80647726 
      2.57315789 
      3.33983853 
      4.10651916 
      4.87319979

      0.22964912 
      1.59447936 
      2.22962468 
      2.20473684 
      2.84983242 
      3.49492799 
      4.14002357

      0.22598324 
      1.46922842 
      1.98278869 
      2.83631579 
      3.68984289 
      2.88333682 
      3.40684734

      0.23226761 
      1.34397748 
      2.40593611 
      2.46789474 
      3.19983678 
      3.93177883 
      4.66372087

      0.22860173 
      1.55869338 
      2.15910011 
      3.09947368 
      2.70983067 
      3.32018766 
      3.93054465

      0.23488610 
      1.43344244 
      1.91226412 
      2.73105263 
      3.54984115 
      4.36862966 
      3.19736842

      0.23122021 
      1.64815833 
      2.33541154 
      2.36263158 
      3.05983504 
      3.75703849 
      4.45424195

      0.23750458 
      1.52290739 
      2.08857554 
      2.99421053 
      2.56982893 
      3.14544732 
      3.72106572

      0.23383870 
      1.39765645 
      2.51172296 
      2.62578947 
      3.40983940 
      4.19388933 
      4.97793925

      0.24012307 
      1.61237235 
      2.26488697 
      3.25736842 
      2.91983329 
      3.58229816 
      4.24476303

      0.23645719 
      1.48712141 
      2.01805097 
      2.88894737 
      3.75984376 
      2.97070699 
      3.51158680

      0.24274156 
      1.70183730 
      2.44119839 
      2.52052632 
      3.26983765 
      4.01914899 
      4.76846033

      0.23907567 
      1.57658637 
      2.19436240 
      3.15210526 
      2.77983154 
      3.40755782 
      4.03528411

      0.24536004 
      0.17856594 
      0.37779174 
      0.57701754 
      0.77624334 
      0.97546915 
      1.17469495

      0.10000000 
      0.39328184 
      0.80093916 
      1.20859649 
      1.61625382 
      2.02391115 
      2.43156847

      0.10000000 
      1.28793140 
      2.56405342 
      3.84017544 
      5.11629746 
      6.39241948 
      7.66854150

      0.10000000 
      2.18258095 
      4.32716767 
      6.47175439 
      8.61634110 
     10.76092782 
     12.90551453

      0.10000000 
      3.07723051 
      6.09028192 
      9.10333333 
     12.11638474 
     15.12943615 
     18.14248756

      0.10000000 
      3.97188007 
      7.85339618 
     11.73491228 
     15.61642838 
     19.49794449 
     23.37946059


      0.21343284 
      0.11781924 
      0.25807629 
      0.39833333 
      0.53859038 
      0.67884743 
      0.81910448

      0.21971720 
      0.33253513 
      0.10000000 
      0.10000000 
      0.10000000 
      0.10000000 
      0.10000000

      0.21605132 
      0.78992101 
      1.31403945 
      1.83815789 
      2.36227634 
      2.88639478 
      3.41051322

      0.22233569 
      1.34460374 
      1.73718687 
      2.46973684 
      3.20228681 
      3.93483678 
      4.66738675

      0.21866981 
      1.55931963 
      2.16033429 
      2.10131579 
      2.71228070 
      3.32324561 
      3.93421053

      0.22495418 
      1.43406869 
      1.91349830 
      2.73289474 
      3.55229118 
      2.71165445 
      3.20103430

      0.22128830 
      1.30881775 
      2.33664572 
      2.36447368 
      3.06228507 
      3.76009645 
      4.45790783

      0.22757266 
      1.52353365 
      2.08980972 
      2.99605263 
      2.57227896 
      3.14850528 
      3.72473161

      0.22390678 
      1.39828271 
      1.84297373 
      2.62763158 
      3.41228943 
      4.19694728 
      2.99155538

      0.23019115 
      1.61299860 
      2.26612115 
      2.25921053 
      2.92228332 
      3.58535611 
      4.24842891

      0.22652527 
      1.48774767 
      2.01928515 
      2.89078947 
      3.76229379 
      2.97376495 
      3.51525268

      0.23280964 
      1.36249673 
      2.44243257 
      2.52236842 
      3.27228768 
      4.02220695 
      4.77212621

      0.22914375 
      1.57721262 
      2.19559658 
      3.15394737 
      2.78228157 
      3.41061578 
      4.03894999

      0.23542812 
      1.45196168 
      1.94876058 
      2.78552632 
      3.62229205 
      2.79902461 
      3.30577376

      0.23176224 
      1.66667758 
      2.37190800 
      2.41710526 
      3.13228594 
      3.84746661 
      4.56264729

      0.23804661 
      1.54142664 
      2.12507201 
      3.04868421 
      2.64227983 
      3.23587545 
      3.82947107

      0.23438073 
      1.41617570 
      2.54821943 
      2.68026316 
      3.48229030 
      4.28431745 
      3.09629484

      0.24066510 
      1.63089159 
      2.30138343 
      2.31184211 
      2.99228419 
      3.67272628 
      4.35316837

      0.23699921 
      1.50564066 
      2.05454744 
      2.94342105 
      3.83229467 
      3.06113511 
      3.61999214

      0.24328358 
      1.72035655 
      2.47769486 
      2.57500000 
      3.34228856 
      4.10957711 
      4.87686567

      0.23961770 
      1.59510561 
      2.23085886 
      3.20657895 
      2.85228245 
      3.49798595 
      4.14368945


      0.20611940 
      0.21810945 
      0.45572139 
      0.69333333 
      0.93094527 
      1.16855721 
      1.40616915

      0.21240377 
      0.10000000 
      0.20888540 
      0.32491228 
      0.44093916 
      0.55696605 
      0.67299293

      0.21868814 
      0.54004539 
      0.82160164 
      1.10315789 
      1.38471415 
      1.66627040 
      1.94782666

      0.21502226 
      1.43469495 
      1.91473248 
      2.73473684 
      3.55474121 
      2.71471240 
      3.20470018

      0.22130662 
      1.30944401 
      2.33787990 
      2.36631579 
      3.06473510 
      3.76315440 
      4.46157371

      0.21764074 
      1.52415990 
      2.09104390 
      2.99789474 
      2.57472899 
      3.15156324 
      3.72839749

      0.22392511 
      1.39890896 
      1.84420791 
      2.62947368 
      3.41473946 
      4.20000524 
      2.99522126

      0.22025923 
      1.27365803 
      2.26735533 
      2.26105263 
      2.92473335 
      3.58841407 
      4.25209479

      0.22654360 
      1.48837392 
      2.02051933 
      2.89263158 
      2.43472724 
      2.97682290 
      3.51891857

      0.22287772 
      1.36312298 
      1.77368334 
      2.52421053 
      3.27473771 
      4.02526490 
      4.77579209

      0.22916208 
      1.57783888 
      2.19683076 
      2.15578947 
      2.78473161 
      3.41367374 
      4.04261587

      0.22549620 
      1.45258794 
      1.94999476 
      2.78736842 
      3.62474208 
      2.80208257 
      3.30943964

      0.23178057 
      1.32733700 
      2.37314218 
      2.41894737 
      3.13473597 
      3.85052457 
      4.56631317

      0.22811469 
      1.54205289 
      2.12630619 
      3.05052632 
      2.64472986 
      3.23893340 
      3.83313695

      0.23439906 
      1.41680196 
      1.87947019 
      2.68210526 
      3.48474033 
      4.28737540 
      3.09996072

      0.23073318 
      1.63151785 
      2.30261761 
      2.31368421 
      2.99473422 
      3.67578424 
      4.35683425

      0.23701754 
      1.50626691 
      2.05578162 
      2.94526316 
      2.50472811 
      3.06419307 
      3.62365803

      0.23335166 
      1.38101597 
      2.47892904 
      2.57684211 
      3.34473859 
      4.11263507 
      4.88053155

      0.23963603 
      1.59573187 
      2.23209304 
      3.20842105 
      2.85473248 
      3.50104390 
      4.14735533

      0.23597015 
      1.47048093 
      1.98525705 
      2.84000000 
      3.69474295 
      2.88945274 
      3.41417910

      0.24225452 
      1.68519682 
      2.40840447 
      2.47157895 
      3.20473684 
      3.93789474 
      4.67105263


      0.19880597 
      0.31839967 
      0.65336650 
      0.98833333 
      1.32330017 
      1.65826700 
      0.10000000

      0.20509034 
      0.19314873 
      0.40653051 
      0.61991228 
      0.83329406 
      1.04667583 
      1.26005761

      0.21137471 
      0.29016977 
      0.32916383 
      0.36815789 
      0.40715196 
      0.44614602 
      0.48514009

      0.20770882 
      1.18481932 
      2.09227808 
      1.99973684 
      2.57717902 
      3.15462119 
      3.73206337

      0.21399319 
      1.39953522 
      1.84544209 
      2.63131579 
      3.41718949 
      2.54303003 
      2.99888714

      0.21032731 
      1.27428428 
      2.26858951 
      2.26289474 
      2.92718338 
      3.59147203 
      4.25576067

      0.21661168 
      1.48900017 
      2.02175351 
      2.89447368 
      2.43717727 
      2.97988086 
      3.52258445

      0.21294580 
      1.36374924 
      1.77491752 
      2.52605263 
      3.27718775 
      4.02832286 
      2.78940822

      0.21923016 
      1.57846513 
      2.19806494 
      2.15763158 
      2.78718164 
      3.41673169 
      4.04628175

      0.21556428 
      1.45321419 
      1.95122894 
      2.78921053 
      3.62719211 
      2.80514053 
      3.31310553

      0.22184865 
      1.32796325 
      2.37437636 
      2.42078947 
      3.13718600 
      3.85358253 
      4.56997905

      0.21818277 
      1.54267915 
      2.12754037 
      3.05236842 
      2.64717989 
      3.24199136 
      3.83680283

      0.22446714 
      1.41742821 
      1.88070437 
      2.68394737 
      3.48719036 
      2.63040019 
      3.10362660

      0.22080126 
      1.29217727 
      2.30385179 
      2.31552632 
      2.99718425 
      3.67884219 
      4.36050013

      0.22708562 
      1.50689317 
      2.05701580 
      2.94710526 
      2.50717814 
      3.06725103 
      3.62732391

      0.22341974 
      1.38164223 
      1.81017980 
      2.57868421 
      3.34718862 
      4.11569303 
      2.89414768

      0.22970411 
      1.59635812 
      2.23332722 
      2.21026316 
      2.85718251 
      3.50410186 
      4.15102121

      0.22603823 
      1.47110718 
      1.98649123 
      2.84184211 
      3.69719298 
      2.89251069 
      3.41784499

      0.23232260 
      1.34585625 
      2.40963865 
      2.47342105 
      3.20718687 
      3.94095269 
      4.67471851

      0.22865672 
      1.56057214 
      2.16280265 
      3.10500000 
      2.71718076 
      3.32936153 
      3.94154229

      0.23494108 
      1.43532120 
      1.91596666 
      2.73657895 
      3.55719124 
      4.37780353 
      3.20836606


      0.19149254 
      0.10000000 
      0.18102819 
      0.28333333 
      0.38563847 
      0.48794362 
      0.59024876

      0.19777690 
      0.29343895 
      0.60417561 
      0.91491228 
      1.22564895 
      1.53638562 
      1.84712228

      0.20406127 
      0.10000000 
      0.35733962 
      0.54649123 
      0.73564284 
      0.92479445 
      1.11394606

      0.20039539 
      0.93494370 
      1.59984027 
      2.26473684 
      2.92963341 
      3.59452998 
      4.25942655

      0.20667976 
      1.14965960 
      2.02298769 
      1.89631579 
      2.43962730 
      2.98293881 
      3.52625033

      0.20301388 
      1.36437549 
      1.77615170 
      2.52789474 
      3.27963778 
      2.37134765 
      2.79307410

      0.20929825 
      1.23912455 
      2.19929912 
      2.15947368 
      2.78963167 
      3.41978965 
      4.04994763

      0.20563236 
      1.45384045 
      1.95246312 
      2.79105263 
      2.29962556 
      2.80819848 
      3.31677141

      0.21191673 
      1.32858951 
      1.70562713 
      2.42263158 
      3.13963603 
      3.85664048 
      4.57364493

      0.20825085 
      1.20333857 
      2.12877455 
      2.05421053 
      2.64962992 
      3.24504931 
      3.84046871

      0.21453522 
      1.41805446 
      1.88193855 
      2.68578947 
      3.48964039 
      2.63345815 
      3.10729248

      0.21086934 
      1.29280353 
      2.30508597 
      2.31736842 
      2.99963428 
      3.68190015 
      4.36416601

      0.21715371 
      1.50751942 
      2.05824998 
      2.94894737 
      2.50962817 
      3.07030898 
      3.63098979

      0.21348782 
      1.38226848 
      1.81141398 
      2.58052632 
      3.34963865 
      4.11875098 
      2.89781356

      0.21977219 
      1.25701754 
      2.23456140 
      2.21210526 
      2.85963254 
      3.50715981 
      4.15468709

      0.21610631 
      1.47173344 
      1.98772541 
      2.84368421 
      2.36962643 
      2.89556865 
      3.42151087

      0.22239068 
      1.34648250 
      1.74088941 
      2.47526316 
      3.20963690 
      3.94401065 
      4.67838439

      0.21872480 
      1.56119839 
      2.16403683 
      2.10684211 
      2.71963079 
      3.33241948 
      3.94520817

      0.22500916 
      1.43594746 
      1.91720084 
      2.73842105 
      3.55964127 
      2.72082831 
      3.21203195

      0.22134328 
      1.31069652 
      2.34034826 
      2.37000000 
      3.06963516 
      3.76927032 
      4.46890547

      0.22762765 
      1.52541241 
      2.09351226 
      3.00157895 
      2.57962905 
      3.15767915 
      3.73572925


      0.18417910 
      0.17901327 
      0.37867330 
      0.57833333 
      0.77799337 
      0.97765340 
      1.17731343

      0.19046347 
      0.10000000 
      0.13183730 
      0.20991228 
      0.28798726 
      0.36606223 
      0.44413721

      0.19674784 
      0.26847822 
      0.55498473 
      0.84149123 
      1.12799773 
      1.41450423 
      1.70101074

      0.19308196 
      0.68506808 
      1.10740246 
      1.52973684 
      1.95207122 
      2.37440560 
      2.79673998

      0.19936633 
      1.23975081 
      1.53054988 
      2.16131579 
      2.79208170 
      3.42284760 
      4.05361351

      0.19570045 
      1.11449987 
      1.95369730 
      2.79289474 
      2.30207559 
      2.81125644 
      3.32043729

      0.20198481 
      1.32921576 
      1.70686131 
      2.42447368 
      3.14208606 
      3.85969844 
      2.58726106

      0.19831893 
      1.20396482 
      2.13000873 
      2.05605263 
      2.65207995 
      3.24810727 
      3.84413459

      0.20460330 
      1.41868072 
      1.88317273 
      2.68763158 
      2.16207384 
      2.63651610 
      3.11095837

      0.20093742 
      1.29342978 
      1.63633674 
      2.31921053 
      3.00208432 
      3.68495810 
      4.36783189

      0.20722179 
      1.16817884 
      2.05948416 
      1.95078947 
      2.51207821 
      3.07336694 
      3.63465567

      0.21350615 
      1.38289474 
      1.81264816 
      2.58236842 
      3.35208868 
      2.46177577 
      2.90147944

      0.20984027 
      1.25764380 
      2.23579558 
      2.21394737 
      2.86208257 
      3.51021777 
      4.15835297

      0.21612464 
      1.47235969 
      1.98895959 
      2.84552632 
      2.37207646 
      2.89862660 
      3.42517675

      0.21245876 
      1.34710875 
      1.74212359 
      2.47710526 
      3.21208693 
      3.94706860 
      2.69200052

      0.21874313 
      1.22185782 
      2.16527101 
      2.10868421 
      2.72208082 
      3.33547744 
      3.94887405

      0.21507725 
      1.43657371 
      1.91843502 
      2.74026316 
      3.56209130 
      2.72388627 
      3.21569783

      0.22136161 
      1.31132277 
      2.34158244 
      2.37184211 
      3.07208519 
      3.77232827 
      4.47257135

      0.21769573 
      1.52603867 
      2.09474644 
      3.00342105 
      2.58207908 
      3.16073710 
      3.73939513

      0.22398010 
      1.40078773 
      1.84791045 
      2.63500000 
      3.42208955 
      4.20917910 
      3.00621891

      0.22031422 
      1.27553679 
      2.27105787 
      2.26657895 
      2.93208344 
      3.59758794 
      4.26309243


      0.17686567 
      0.27930348 
      0.57631841 
      0.87333333 
      1.17034826 
      1.46736318 
      1.76437811

      0.18315004 
      0.15405254 
      0.32948241 
      0.50491228 
      0.68034215 
      0.85577202 
      1.03120189

      0.18943441 
      0.10000000 
      0.10000000 
      0.13649123 
      0.19033604 
      0.24418085 
      0.29802566

      0.18576853 
      0.43519246 
      0.61496465 
      0.79473684 
      0.97450903 
      1.15428123 
      1.33405342

      0.19205289 
      1.32984202 
      1.70809549 
      2.42631579 
      3.14453609 
      2.20272323 
      2.59092694

      0.18838701 
      1.20459108 
      1.46125949 
      2.05789474 
      2.65452998 
      3.25116523 
      3.84780047

      0.19467138 
      1.07934014 
      1.88440691 
      2.68947368 
      2.16452387 
      2.63957406 
      3.11462425

      0.20095575 
      1.29405604 
      1.63757092 
      2.32105263 
      3.00453435 
      3.68801606 
      2.38144802

      0.19728987 
      1.16880510 
      2.06071834 
      1.95263158 
      2.51452824 
      3.07642489 
      3.63832155

      0.20357423 
      1.38352099 
      1.81388234 
      2.58421053 
      3.35453871 
      2.46483373 
      2.90514533

      0.19990835 
      1.25827005 
      1.56704635 
      2.21578947 
      2.86453260 
      3.51327573 
      4.16201885

      0.20619272 
      1.13301911 
      1.99019377 
      1.84736842 
      2.37452649 
      2.90168456 
      3.42884263

      0.20252684 
      1.34773501 
      1.74335777 
      2.47894737 
      3.21453696 
      3.95012656 
      2.69566640

      0.20881121 
      1.22248407 
      2.16650519 
      2.11052632 
      2.72453085 
      3.33853539 
      3.95253993

      0.20514533 
      1.43719997 
      1.91966920 
      2.74210526 
      2.23452474 
      2.72694423 
      3.21936371

      0.21142969 
      1.31194903 
      1.67283320 
      2.37368421 
      3.07453522 
      3.77538623 
      4.47623723

      0.20776381 
      1.18669809 
      2.09598062 
      2.00526316 
      2.58452911 
      3.16379506 
      3.74306101

      0.21404818 
      1.40141398 
      1.84914463 
      2.63684211 
      3.42453958 
      2.55220389 
      3.00988479

      0.21038230 
      1.27616304 
      2.27229205 
      2.26842105 
      2.93453347 
      3.60064589 
      4.26675831

      0.21666667 
      1.49087894 
      2.02545605 
      2.90000000 
      2.44452736 
      2.98905473 
      3.53358209

      0.21300079 
      1.36562800 
      1.77862006 
      2.53157895 
      3.28453784 
      4.03749673 
      2.80040587


      0.16955224 
      0.10000000 
      0.10398010 
      0.16833333 
      0.23268657 
      0.29703980 
      0.36139303

      0.17583661 
      0.25434276 
      0.52712752 
      0.79991228 
      1.07269704 
      1.34548180 
      1.61826656

      0.18212097 
      0.12909182 
      0.28029152 
      0.43149123 
      0.58269093 
      0.73389063 
      0.88509034

      0.17845509 
      0.18531684 
      0.12252684 
      0.10000000 
      0.10000000 
      0.12229947 
      0.15191411

      0.18473946 
      1.07996640 
      1.88564109 
      1.69131579 
      2.16697390 
      2.64263202 
      3.11829013

      0.19102383 
      1.29468229 
      1.63880510 
      2.32289474 
      3.00698438 
      2.03104085 
      2.38511390

      0.18735795 
      1.16943135 
      2.06195252 
      1.95447368 
      2.51697827 
      3.07948285 
      3.64198743

      0.19364231 
      1.04418041 
      1.81511652 
      2.58605263 
      2.02697216 
      2.46789168 
      2.90881121

      0.18997643 
      1.25889631 
      1.56828053 
      2.21763158 
      2.86698263 
      3.51633368 
      4.16568473

      0.19626080 
      1.13364537 
      1.99142795 
      1.84921053 
      2.37697652 
      2.90474252 
      3.43250851

      0.19259492 
      1.34836126 
      1.74459195 
      2.48078947 
      3.21698699 
      2.29315135 
      2.69933229

      0.19887929 
      1.22311033 
      1.49775596 
      2.11236842 
      2.72698089 
      3.34159335 
      3.95620581

      0.19521341 
      1.43782622 
      1.92090338 
      2.74394737 
      2.23697478 
      2.73000218 
      3.22302959

      0.20149777 
      1.31257528 
      1.67406738 
      2.37552632 
      3.07698525 
      3.77844418 
      2.48985336

      0.19783189 
      1.18732434 
      2.09721480 
      2.00710526 
      2.58697914 
      3.16685302 
      3.74672689

      0.20411626 
      1.40204024 
      1.85037881 
      2.63868421 
      2.09697303 
      2.55526185 
      3.01355067

      0.20045038 
      1.27678930 
      1.60354281 
      2.27026316 
      2.93698350 
      3.60370385 
      4.27042419

      0.20673475 
      1.15153836 
      2.02669023 
      1.90184211 
      2.44697739 
      2.99211268 
      3.53724797

      0.20306887 
      1.36625426 
      1.77985424 
      2.53342105 
      3.28698787 
      2.38052152 
      2.80407175

      0.20935323 
      1.24100332 
      2.20300166 
      2.16500000 
      2.79698176 
      3.42896352 
      4.06094527

      0.20568735 
      1.45571921 
      1.95616566 
      2.79657895 
      2.30697565 
      2.81737235 
      3.32776905


      0.16223881 
      0.13991708 
      0.30162521 
      0.46333333 
      0.62504146 
      0.78674959 
      0.94845771

      0.17847342 
      0.10000000 
      0.10000000 
      0.10000000 
      0.13503535 
      0.17515842 
      0.21528149

      0.17480754 
      0.22938204 
      0.47793663 
      0.72649123 
      0.97504582 
      1.22360042 
      1.47215501

      0.18109191 
      0.10413110 
      0.23110064 
      0.35807018 
      0.48503971 
      0.61200925 
      0.73897879

      0.17742603 
      0.83009077 
      1.39320328 
      1.95631579 
      2.51942830 
      3.08254080 
      3.64565331

      0.18371040 
      1.04480667 
      1.81635070 
      2.58789474 
      2.02942219 
      2.47094964 
      2.91247709

      0.18999476 
      1.25952256 
      1.56951471 
      2.21947368 
      2.86943266 
      3.51939164 
      2.17930086

      0.18632888 
      1.13427162 
      1.99266213 
      1.85105263 
      2.37942655 
      2.90780047 
      3.43617439

      0.19261325 
      1.34898752 
      1.74582613 
      2.48263158 
      3.21943703 
      2.29620930 
      2.70299817

      0.18894737 
      1.22373658 
      1.49899014 
      2.11421053 
      2.72943092 
      3.34465130 
      3.95987169

      0.19523174 
      1.09848564 
      1.92213756 
      1.74578947 
      2.23942481 
      2.73306014 
      3.22669547

      0.19156585 
      1.31320154 
      1.67530156 
      2.37736842 
      3.07943528 
      3.78150214 
      2.49351925

      0.19785022 
      1.18795060 
      2.09844898 
      2.00894737 
      2.58942917 
      3.16991097 
      3.75039277

      0.19418434 
      1.40266649 
      1.85161299 
      2.64052632 
      2.09942306 
      2.55831980 
      3.01721655

      0.20046871 
      1.27741555 
      1.60477699 
      2.27210526 
      2.93943353 
      3.60676181 
      4.27409008

      0.19680283 
      1.15216462 
      2.02792441 
      1.90368421 
      2.44942742 
      2.99517064 
      3.54091385

      0.20308720 
      1.36688051 
      1.78108842 
      2.53526316 
      3.28943790 
      2.38357947 
      2.80773763

      0.19942131 
      1.24162957 
      2.20423584 
      2.16684211 
      2.79943179 
      3.43202147 
      4.06461115

      0.20570568 
      1.45634547 
      1.95739984 
      2.79842105 
      2.30942568 
      2.82043030 
      3.33143493

      0.20203980 
      1.33109453 
      1.71056385 
      2.43000000 
      3.14943615 
      3.86887231 
      2.59825871

      0.20832417 
      1.20584359 
      2.13371127 
      2.06157895 
      2.65943004 
      3.25728114 
      3.85513223


      0.15492537 
      0.24020730 
      0.49927032 
      0.75833333 
      1.01739635 
      1.27645937 
      1.53552239

      0.17115999 
      0.11495636 
      0.25243432 
      0.38991228 
      0.52739024 
      0.66486820 
      0.80234616

      0.17744436 
      0.32967225 
      0.10000000 
      0.10000000 
      0.10000000 
      0.10000000 
      0.10000000

      0.17377848 
      0.20442131 
      0.42874574 
      0.65307018 
      0.87739461 
      1.10171904 
      1.32604347

      0.18006284 
      0.58021515 
      0.90076547 
      1.22131579 
      1.54186611 
      1.86241643 
      2.18296675

      0.17639696 
      1.13489788 
      1.32391289 
      1.85289474 
      2.38187658 
      2.91085843 
      3.43984027

      0.18268133 
      1.00964694 
      1.74706031 
      2.48447368 
      1.89187047 
      2.29926726 
      2.70666405

      0.18896570 
      1.22436283 
      1.50022432 
      2.11605263 
      2.73188095 
      3.34770926 
      3.96353758

      0.18529982 
      1.09911190 
      1.92337174 
      1.74763158 
      2.24187484 
      2.73611809 
      3.23036135

      0.19158418 
      1.31382779 
      1.67653574 
      2.37921053 
      3.08188531 
      2.12452693 
      2.49718513

      0.18791830 
      1.18857685 
      1.42969975 
      2.01078947 
      2.59187920 
      3.17296893 
      3.75405865

      0.19420267 
      1.06332591 
      1.85284717 
      2.64236842 
      2.10187309 
      2.56137776 
      3.02088243

      0.19053679 
      1.27804181 
      1.60601117 
      2.27394737 
      2.94188356 
      3.60981976 
      4.27775596

      0.19682116 
      1.15279087 
      2.02915859 
      1.90552632 
      2.45187745 
      2.99822859 
      3.54457973

      0.19315528 
      1.36750676 
      1.78232260 
      2.53710526 
      3.29188793 
      2.38663743 
      2.81140351

      0.19943964 
      1.24225583 
      1.53548660 
      2.16868421 
      2.80188182 
      3.43507943 
      4.06827704

      0.19577376 
      1.11700489 
      1.95863402 
      2.80026316 
      2.31187571 
      2.82348826 
      3.33510081

      0.20205813 
      1.33172078 
      1.71179803 
      2.43184211 
      3.15188618 
      3.87193026 
      2.60192459

      0.19839225 
      1.20646984 
      2.13494545 
      2.06342105 
      2.66188007 
      3.26033909 
      3.85879811

      0.20467662 
      1.42118574 
      1.88810945 
      2.69500000 
      2.17187396 
      2.64874793 
      3.12562189

      0.20101074 
      1.29593480 
      1.64127346 
      2.32657895 
      3.01188444 
      3.69718993 
      4.38249542


      0.14761194 
      0.10000000 
      0.10000000 
      0.10000000 
      0.10000000 
      0.10613599 
      0.13253731

      0.16384656 
      0.21524657 
      0.45007943 
      0.68491228 
      0.91974513 
      1.15457799 
      1.38941084

      0.17013092 
      0.10000000 
      0.20324343 
      0.31649123 
      0.42973902 
      0.54298682 
      0.65623462

      0.17641529 
      0.30471153 
      0.62639085 
      0.94807018 
      1.26974950 
      1.59142882 
      1.91310814

      0.17274941 
      0.33033953 
      0.40832766 
      0.48631579 
      0.56430392 
      0.64229205 
      0.72028018

      0.17903378 
      1.22498909 
      1.50145850 
      2.11789474 
      2.73433098 
      3.35076722 
      1.97715371

      0.17536790 
      1.09973815 
      1.92460592 
      1.74947368 
      2.24432487 
      2.73917605 
      3.23402723

      0.18165226 
      0.97448721 
      1.67776992 
      2.38105263 
      3.08433534 
      2.12758488 
      2.50085101

      0.17798638 
      1.18920311 
      1.43093393 
      2.01263158 
      2.59432923 
      3.17602688 
      3.75772454

      0.18427075 
      1.06395217 
      1.85408135 
      1.64421053 
      2.10432312 
      2.56443572 
      3.02454831

      0.19055512 
      1.27866806 
      1.60724535 
      2.27578947 
      2.94433360 
      3.61287772 
      2.29137209

      0.18688924 
      1.15341712 
      2.03039277 
      1.90736842 
      2.45432749 
      3.00128655 
      3.54824561

      0.19317361 
      1.36813302 
      1.78355678 
      2.53894737 
      1.96432138 
      2.38969538 
      2.81506939

      0.18950772 
      1.24288208 
      1.53672078 
      2.17052632 
      2.80433185 
      3.43813738 
      4.07194292

      0.19579209 
      1.11763114 
      1.95986820 
      1.80210526 
      2.31432574 
      2.82654622 
      3.33876669

      0.19212621 
      1.33234704 
      1.71303221 
      2.43368421 
      3.15433621 
      2.21495505 
      2.60559047

      0.19841058 
      1.20709610 
      2.13617963 
      2.06526316 
      2.66433010 
      3.26339705 
      3.86246400

      0.19474470 
      1.42181199 
      1.88934363 
      2.69684211 
      2.17432399 
      2.65180588 
      3.12928777

      0.20102907 
      1.29656105 
      1.64250764 
      2.32842105 
      3.01433447 
      3.70024788 
      4.38616130

      0.19736318 
      1.17131012 
      2.06565506 
      1.96000000 
      2.52432836 
      3.08865672 
      3.65298507

      0.20364755 
      1.38602601 
      1.81881906 
      2.59157895 
      3.36433883 
      2.47706555 
      2.91980885


      0.14029851 
      0.10082090 
      0.22457711 
      0.34833333 
      0.47208955 
      0.59584577 
      0.71960199

      0.15653312 
      0.31553679 
      0.64772454 
      0.97991228 
      1.31210003 
      1.64428777 
      1.97647552

      0.16281749 
      0.19028585 
      0.40088854 
      0.61149123 
      0.82209392 
      1.03269660 
      1.24329929

      0.16910186 
      0.10000000 
      0.15405254 
      0.24307018 
      0.33208781 
      0.42110544 
      0.51012307

      0.17538623 
      0.10000000 
      0.57719997 
      0.87464912 
      1.17209828 
      1.46954744 
      1.76699660

      0.17172035 
      0.97511347 
      1.67900410 
      2.38289474 
      1.75676879 
      2.13064284 
      2.50451689

      0.17800471 
      1.18982936 
      1.43216811 
      2.01447368 
      2.59677926 
      3.17908484 
      3.76139042

      0.17433883 
      1.06457842 
      1.85531553 
      1.64605263 
      2.10677315 
      2.56749367 
      3.02821419

      0.18062320 
      1.27929432 
      1.60847953 
      2.27763158 
      2.94678363 
      1.95590251 
      2.29503797

      0.18690757 
      1.15404338 
      1.36164354 
      1.90921053 
      2.45677752 
      3.00434451 
      3.55191150

      0.18324169 
      1.02879244 
      1.78479096 
      2.54078947 
      1.96677141 
      2.39275334 
      2.81873527

      0.18952605 
      1.24350834 
      1.53795496 
      2.17236842 
      2.80678188 
      3.44119534 
      4.07560880

      0.18586017 
      1.11825740 
      1.96110238 
      1.80394737 
      2.31677577 
      2.82960417 
      3.34243257

      0.19214454 
      1.33297329 
      1.71426639 
      2.43552632 
      3.15678624 
      2.21801301 
      2.60925635

      0.18847866 
      1.20772235 
      1.46743039 
      2.06710526 
      2.66678013 
      3.26645501 
      3.86612988

      0.19476303 
      1.08247141 
      1.89057781 
      2.69868421 
      2.17677402 
      2.65486384 
      3.13295365

      0.19109715 
      1.29718731 
      1.64374182 
      2.33026316 
      3.01678450 
      3.70330584 
      2.39977743

      0.19738151 
      1.17193637 
      2.06688924 
      1.96184211 
      2.52677839 
      3.09171467 
      3.65665096

      0.19371563 
      1.38665226 
      1.82005324 
      2.59342105 
      2.03677228 
      2.48012351 
      2.92347473

      0.20000000 
      1.26140133 
      1.57321725 
      2.22500000 
      2.87678275 
      3.52856551 
      4.18034826

      0.19633412 
      1.13615039 
      1.99636467 
      1.85657895 
      2.38677664 
      2.91697434 
      3.44717203


      0.13298507 
      0.20111111 
      0.42222222 
      0.64333333 
      0.86444444 
      1.08555556 
      1.30666667

      0.14921969 
      0.10000000 
      0.17538623 
      0.27491228 
      0.37443833 
      0.47396439 
      0.57349044

      0.15550406 
      0.29057607 
      0.59853365 
      0.90649123 
      1.21444881 
      1.52240639 
      1.83036397

      0.16178843 
      0.16532513 
      0.35169765 
      0.53807018 
      0.72444270 
      0.91081522 
      1.09718775

      0.16807279 
      0.10000000 
      0.10486166 
      0.16964912 
      0.23443659 
      0.29922406 
      0.36401152

      0.16440691 
      0.72523785 
      1.18656629 
      1.64789474 
      2.10922318 
      2.57055163 
      3.03188007

      0.17069128 
      0.93995374 
      1.60971371 
      2.27947368 
      1.61921707 
      1.95896046 
      2.29870385

      0.17697565 
      1.15466963 
      1.36287772 
      1.91105263 
      2.45922755 
      3.00740246 
      3.55557738

      0.17330977 
      1.02941870 
      1.78602514 
      1.54263158 
      1.96922144 
      2.39581129 
      2.82240115

      0.17959413 
      1.24413459 
      1.53918914 
      2.17421053 
      2.80923191 
      3.44425329 
      2.08922493

      0.18587850 
      1.11888365 
      1.96233656 
      1.80578947 
      2.31922580 
      2.83266213 
      3.34609846

      0.18221262 
      0.99363271 
      1.71550057 
      2.43736842 
      1.82921969 
      2.22107096 
      2.61292223

      0.18849699 
      1.20834861 
      1.46866457 
      2.06894737 
      2.66923016 
      3.26951296 
      3.86979576

      0.18483111 
      1.08309767 
      1.89181199 
      1.70052632 
      2.17922406 
      2.65792179 
      3.13661953

      0.19111548 
      1.29781356 
      1.64497600 
      2.33210526 
      3.01923453 
      2.04633063 
      2.40344331

      0.18744959 
      1.17256263 
      2.06812342 
      1.96368421 
      2.52922842 
      3.09477263 
      3.66031684

      0.19373396 
      1.04731169 
      1.82128742 
      2.59526316 
      2.03922231 
      2.48318146 
      2.92714061

      0.19006808 
      1.26202758 
      1.57445143 
      2.22684211 
      2.87923278 
      3.53162346 
      4.18401414

      0.19635245 
      1.13677664 
      1.99759885 
      1.85842105 
      2.38922667 
      2.92003229 
      3.45083792

      0.19268657 
      1.35149254 
      1.75076285 
      2.49000000 
      3.22923715 
      2.30844113 
      2.71766169

      0.19897093 
      1.22624160 
      1.50392686 
      2.12157895 
      2.73923104 
      3.35688313 
      3.97453522


      0.12567164 
      0.30140133 
      0.61986733 
      0.93833333 
      1.25679934 
      1.57526534 
      1.89373134

      0.14190626 
      0.17615039 
      0.37303133 
      0.56991228 
      0.76679323 
      0.96367417 
      1.16055512

      0.14819063 
      0.10000000 
      0.12619534 
      0.20149123 
      0.27678712 
      0.35208301 
      0.42737889

      0.15447499 
      0.26561534 
      0.54934276 
      0.83307018 
      1.11679759 
      1.40052501 
      1.68425242

      0.16075936 
      0.14036441 
      0.30250676 
      0.46464912 
      0.62679148 
      0.78893384 
      0.95107620

      0.16704373 
      0.47536222 
      0.69412848 
      0.91289474 
      1.13166099 
      1.35042725 
      1.56919351

      0.16337785 
      1.03004495 
      1.11727590 
      1.54447368 
      1.97167147 
      2.39886925 
      2.82606703

      0.16966222 
      0.90479401 
      1.54042332 
      2.17605263 
      2.81168194 
      1.78727808 
      2.09289081

      0.17594658 
      1.11950991 
      1.29358733 
      1.80763158 
      2.32167583 
      2.83572008 
      3.34976434

      0.17228070 
      0.99425897 
      1.71673475 
      2.43921053 
      1.83166972 
      2.22412892 
      2.61658811

      0.17856507 
      1.20897486 
      1.46989875 
      2.07078947 
      2.67168020 
      3.27257092 
      3.87346164

      0.17489919 
      1.08372392 
      1.89304617 
      1.70236842 
      2.18167409 
      2.66097975 
      3.14028542

      0.18118356 
      1.29843982 
      1.64621018 
      2.33394737 
      3.02168456 
      2.04938858 
      2.40710919

      0.17751767 
      1.17318888 
      1.39937418 
      1.96552632 
      2.53167845 
      3.09783058 
      3.66398272

      0.18380204 
      1.04793794 
      1.82252160 
      2.59710526 
      2.04167234 
      2.48623942 
      2.93080649

      0.19008641 
      1.26265384 
      1.57568561 
      2.22868421 
      2.88168281 
      3.53468142 
      2.19763027

      0.18642053 
      1.13740290 
      1.99883303 
      1.86026316 
      2.39167670 
      2.92309025 
      3.45450380

      0.19270490 
      1.35211879 
      1.75199703 
      2.49184211 
      1.90167059 
      2.31149908 
      2.72132757

      0.18903902 
      1.22686785 
      1.50516104 
      2.12342105 
      2.74168107 
      3.35994108 
      3.97820110

      0.19532338 
      1.10161692 
      1.92830846 
      1.75500000 
      2.25167496 
      2.74834992 
      3.24502488

      0.19165750 
      1.31633281 
      1.68147246 
      2.38657895 
      3.09168543 
      3.79679192 
      2.51184865


      0.11835821 
      0.10000000 
      0.14752902 
      0.23333333 
      0.31913765 
      0.40494196 
      0.49074627

      0.13459283 
      0.27644060 
      0.57067644 
      0.86491228 
      1.15914812 
      1.45338396 
      1.74761980

      0.14087719 
      0.15118967 
      0.32384045 
      0.49649123 
      0.66914201 
      0.84179279 
      1.01444357

      0.14716156 
      0.10000000 
      0.10000000 
      0.12807018 
      0.17913590 
      0.23020162 
      0.28126735

      0.15344593 
      0.58062145 
      1.17013529 
      1.75964912 
      2.34916296 
      2.93867679 
      3.52819063

      0.15973030 
      0.22548660 
      0.20169067 
      0.17789474 
      0.15409880 
      0.13030287 
      0.10650694

      0.16601466 
      0.78016933 
      1.29482151 
      1.80947368 
      2.32412586 
      2.83877804 
      3.35343022

      0.16234878 
      0.99488522 
      1.71796893 
      1.44105263 
      1.83411975 
      2.22718687 
      2.62025399

      0.16863315 
      0.86963428 
      1.47113293 
      2.07263158 
      2.67413023 
      1.61559571 
      1.88707777

      0.17491752 
      1.08435018 
      1.22429694 
      1.70421053 
      2.18412412 
      2.66403771 
      3.14395130

      0.17125164 
      0.95909924 
      1.64744436 
      2.33578947 
      1.69411801 
      2.05244654 
      2.41077507

      0.17753600 
      1.17381513 
      1.40060836 
      1.96736842 
      2.53412848 
      3.10088854 
      3.66764860

      0.17387012 
      1.04856420 
      1.82375578 
      1.59894737 
      2.04412237 
      2.48929737 
      2.93447237

      0.18015449 
      1.26328009 
      1.57691979 
      2.23052632 
      2.88413284 
      3.53773937 
      2.20129615

      0.17648861 
      1.13802915 
      1.33008379 
      1.86210526 
      2.39412673 
      2.92614821 
      3.45816968

      0.18277298 
      1.01277821 
      1.75323121 
      2.49368421 
      1.90412062 
      2.31455704 
      2.72499345

      0.17910710 
      1.22749411 
      1.50639522 
      2.12526316 
      2.74413110 
      3.36299904 
      3.98186698

      0.18539146 
      1.10224317 
      1.92954264 
      1.75684211 
      2.25412499 
      2.75140787 
      3.24869076

      0.18172558 
      1.31695906 
      1.68270664 
      2.38842105 
      3.09413546 
      2.13981671 
      2.51551453

      0.18800995 
      1.19170813 
      1.43587065 
      2.02000000 
      2.60412935 
      3.18825871 
      3.77238806

      0.19429432 
      1.06645719 
      1.85901807 
      2.65157895 
      2.11412324 
      2.57666754 
      3.03921184


      0.11104478 
      0.16201493 
      0.34517413 
      0.52833333 
      0.71149254 
      0.89465174 
      1.07781095

      0.12727939 
      0.10000000 
      0.10000000 
      0.15991228 
      0.22148643 
      0.28306057 
      0.34463472

      0.13356376 
      0.25147988 
      0.52148555 
      0.79149123 
      1.06149690 
      1.33150257 
      1.60150825

      0.13984813 
      0.46619578 
      0.94463298 
      1.42307018 
      1.90150738 
      2.37994458 
      2.85838178

      0.14613250 
      1.36084533 
      2.70774723 
      4.05464912 
      5.40155102 
      6.74845291 
      8.09535480

      0.15241686 
      2.25549489 
      4.47086148 
      6.68622807 
      8.90159466 
     11.11696125 
     13.33232783

      0.15870123 
      0.87026054 
      1.47236711 
      2.07447368 
      1.34656367 
      1.61865366 
      1.89074365

      0.15503535 
      0.74500960 
      1.22553112 
      1.70605263 
      2.18657415 
      2.66709566 
      3.14761718

      0.16131972 
      0.95972550 
      1.64867854 
      1.33763158 
      1.69656804 
      2.05550450 
      2.41444095

      0.16760408 
      0.83447456 
      1.40184254 
      1.96921053 
      2.53657851 
      3.10394650 
      3.67131448

      0.16393820 
      1.04919045 
      1.82498996 
      1.60078947 
      2.04657240 
      2.49235533 
      2.93813826

      0.17022257 
      0.92393951 
      1.57815397 
      2.23236842 
      2.88658288 
      1.88076416 
      2.20496203

      0.17650694 
      1.13865541 
      1.33131797 
      1.86394737 
      2.39657677 
      2.92920616 
      3.46183556

      0.17284106 
      1.01340447 
      1.75446539 
      1.49552632 
      1.90657066 
      2.31761500 
      2.72865933

      0.17912543 
      1.22812036 
      1.50762940 
      2.12710526 
      2.74658113 
      3.36605700 
      1.99548311

      0.17545954 
      1.10286942 
      1.93077682 
      1.75868421 
      2.25657502 
      2.75446583 
      3.25235664

      0.18174391 
      0.97761849 
      1.68394082 
      2.39026316 
      3.09658549 
      2.14287466 
      2.51918041

      0.17807803 
      1.19233438 
      1.43710483 
      2.02184211 
      2.60657938 
      3.19131666 
      3.77605394

      0.18436240 
      1.06708344 
      1.86025225 
      1.65342105 
      2.11657327 
      2.57972550 
      3.04287772

      0.18069652 
      1.28179934 
      1.61341625 
      2.28500000 
      2.95658375 
      3.62816750 
      2.30970149

      0.18698089 
      1.15654840 
      2.03656367 
      1.91657895 
      2.46657764 
      3.01657633 
      3.56657502


      0.10373134 
      0.26230514 
      0.54281924 
      0.82333333 
      1.10384743 
      1.38436153 
      1.66487562

      0.11996596 
      0.13705420 
      0.29598324 
      0.45491228 
      0.61384132 
      0.77277036 
      0.93169940

      0.12625033 
      0.35177010 
      0.71913066 
      1.08649123 
      1.45385179 
      1.82121236 
      2.18857292

      0.13253469 
      1.24641966 
      2.48224492 
      3.71807018 
      4.95389544 
      6.18972069 
      7.42554595

      0.13881906 
      2.14106922 
      4.24535917 
      6.34964912 
      8.45393908 
     10.55822903 
     12.66251898

      0.14510343 
      3.03571877 
      6.00847342 
      8.98122807 
     11.95398272 
     14.92673737 
     17.89949201

      0.15138780 
      0.62038492 
      0.97992930 
      1.33947368 
      1.69901807 
      2.05856245 
      2.41810683

      0.15767217 
      0.83510081 
      1.40307672 
      1.97105263 
      1.20901196 
      1.44697128 
      1.68493061

      0.15400628 
      0.70984987 
      1.15624073 
      1.60263158 
      2.04902243 
      2.49541328 
      2.94180414

      0.16029065 
      0.92456577 
      1.57938815 
      1.23421053 
      1.55901632 
      1.88382212 
      2.20862791

      0.16657502 
      0.79931483 
      1.33255215 
      1.86578947 
      2.39902680 
      2.93226412 
      3.46550144

      0.16290914 
      1.01403072 
      1.75569957 
      1.49736842 
      1.90902069 
      2.32067295 
      2.73232522

      0.16919351 
      0.88877979 
      1.50886358 
      2.12894737 
      2.74903116 
      1.70908178 
      1.99914899

      0.16552763 
      1.10349568 
      1.26202758 
      1.76052632 
      2.25902505 
      2.75752378 
      3.25602252

      0.17181199 
      0.97824474 
      1.68517500 
      2.39210526 
      1.76901894 
      2.14593262 
      2.52284629

      0.17809636 
      1.19296064 
      1.43833901 
      2.02368421 
      2.60902941 
      3.19437462 
      3.77971982

      0.17443048 
      1.06770970 
      1.86148643 
      1.65526316 
      2.11902330 
      2.58278345 
      3.04654360

      0.18071485 
      1.28242559 
      1.61465043 
      2.28684211 
      2.95903378 
      1.97119228 
      2.31336737

      0.17704897 
      1.15717465 
      1.36781444 
      1.91842105 
      2.46902767 
      3.01963428 
      3.57024090

      0.18333333 
      1.03192371 
      1.79096186 
      2.55000000 
      1.97902156 
      2.40804312 
      2.83706468

      0.17966745 
      1.24663961 
      1.54412586 
      2.18157895 
      2.81903203 
      3.45648512 
      4.09393820


