-11698884635.83969688 
-11698884635.83969688 
-11698884635.83969688 
-11698884635.83969688 
-11698884635.83969688 
-11698884635.83969688 
-11698884635.83969688

-11698884635.83969688 
-11112454791.03775978 
-11112454787.05755043 
-11112454785.73616028 
-11112454785.06494522 
-11112454784.65533638 
-11112454784.37792015

-11112454957.51016808 
-10555774071.81776810 
-10555774057.16520691 
-10555774053.22711372 
-10555774051.35726929 
-10555774050.25445938 
-10555774049.52288818

-10555774536.66463852 
-10132471094.43278313 
-10132471091.74869919 
-10132471090.83016777 
-10132471090.35850716 
-10132471090.06903839 
-10132471089.87229919

-10132471211.48656464 
-9624238259.25048256 
-9624238254.27202225 
-9624238252.65632439 
-9624238251.84207916 
-9624238251.34722137 
-9624238251.01291656

-9624238461.14195442 
-9028588881.20026779 
-9028588807.62173462 
-9028588797.15218925 
-9028588792.81870079 
-9028588790.41935921 
-9028588788.88507843

-9028589984.97314835 
-8575726425.02099895 
-8575726421.94143009 
-8575726420.89735603 
-8575726420.36303425 
-8575726420.03568745 
-8575726419.81344986

-8575726557.59535313 
-8044969710.76033211 
-8044969704.05322361 
-8044969701.95719242 
-8044969700.91430759 
-8044969700.28465080 
-8044969699.86099720

-8044969969.31365967 
-7641443642.76494884 
-7641443640.50728321 
-7641443639.72681236 
-7641443639.32456589 
-7641443639.07721710 
-7641443638.90890312

-7641443742.62068558 
-7167987843.19606018 
-7167987839.57273102 
-7167987838.35983849 
-7167987837.74193382 
-7167987837.36428070 
-7167987837.10826778

-7167987996.46828461 
-6587988662.76121616 
-6587988652.30575180 
-6587988649.27560997 
-6587988647.80403519 
-6587988646.92637157 
-6587988646.34023094

-6587989027.89997673 
-6179654455.97292995 
-6179654453.44893360 
-6179654452.58189869 
-6179654452.13606930 
-6179654451.86225319 
-6179654451.67607021

-6179654566.62775707 
-5678920695.97241306 
-5678920691.55176735 
-5678920690.09889698 
-5678920689.36350250 
-5678920688.91555119 
-5678920688.61251354

-5678920878.33687115 
-5015573042.82945824 
-5015573018.18833923 
-5015573012.49857330 
-5015573009.90506363 
-5015573008.40517712 
-5015573007.42170525

-5015573691.32522488 
-4608742416.88255215 
-4608742414.01513577 
-4608742413.03811169 
-4608742412.53720379 
-4608742412.23003674 
-4608742412.02137661

-4608742541.18139362 
-4068914595.59251404 
-4068914589.88385296 
-4068914588.06094027 
-4068914587.14734459 
-4068914586.59369183 
-4068914586.22032547

-4068914822.09572744 
-3539835606.17186260 
-3215877636.20902872 
-3215877578.93137598 
-3215877564.96124744 
-3215877558.50332260 
-3215877554.74355984

-3215885610.48237181 
-2839204742.68158293 
-2839204739.35351610 
-2839204738.23175669 
-2839204737.65887690 
-2839204737.30829191 
-2839204737.07043982

-2839204884.80477524 
-2243963647.67101479 
-2243963639.51416111 
-2243963637.04083300 
-2243963635.82234573 
-2243963635.09036541 
-2243963634.59937620

-2243963949.81428576 
-1981826636.96288824 
-1981826634.57994747 
-1981826633.75862002 
-1981826633.33577704 
-1981826633.07591200 
-1981826632.89914417

-1981826741.92235422 
-1882420620.93209791 
-1882420620.01693749 
-1882420619.69037151 
-1882420619.52007031 
-1882420619.41469193 
-1882420619.34270477


-11698884635.83969688 
-11112454804.56277466 
-11112454792.78028679 
-11112454789.44910622 
-11112454787.84356880 
-11112454786.88962555 
-11112454786.25399399

-11112455203.15125847 
-10778297783.84654617 
-10778297781.26179886 
-10778297780.37517548 
-10778297779.91950989 
-10778297779.63973236 
-10778297779.44952774

-10778297896.93775368 
-10132471098.19998741 
-10132471093.57547379 
-10132471092.06262207 
-10132471091.29810143 
-10132471090.83279800 
-10132471090.51818466

-10132471287.77703476 
-9624238301.55138588 
-9624238267.90844727 
-9624238260.97687721 
-9624238257.90137672 
-9624238256.14496040 
-9624238255.00170326

-9624239074.47144508 
-9238291153.64309502 
-9238291150.69568825 
-9238291149.69330406 
-9238291149.17974281 
-9238291148.86492920 
-9238291148.65112495

-9238291281.07566833 
-8575726430.64902878 
-8575726424.58548641 
-8575726422.66418648 
-8575726421.70380116 
-8575726421.12257671 
-8575726420.73094082

-8575726668.74775219 
-8231826258.31020069 
-8231826256.12176228 
-8044969821.85764790 
-8044969753.88278580 
-8044969734.93282700 
-8044969725.83798885

-8231826355.32704353 
-7641443645.12166691 
-7641443641.68326473 
-7641443640.52730274 
-7641443639.93749809 
-7641443639.57672977 
-7641443639.33204269

-7641443791.43578434 
-7167987852.74240685 
-7167987843.81424904 
-7167987841.14873314 
-7167987839.84209251 
-7167987839.05913162 
-7167987838.53475094

-7167988176.80163193 
-6808450065.37967110 
-6808450062.94306087 
-6808450062.10430622 
-6808450061.67269135 
-6808450061.40750122 
-6808450061.22713852

-6808450172.51246834 
-6179654459.14946651 
-6179654455.00681210 
-6179654453.63662148 
-6179654452.94153309 
-6179654452.51764297 
-6179654452.23067760

-6179654631.53354263 
-5678920717.28707886 
-5678920699.84410477 
-5678920695.36610985 
-5678920693.26727486 
-5678920692.03719521 
-5678920691.22426033

-5678921239.86473465 
-5267639302.00938988 
-5267639299.25594234 
-5267639298.31521893 
-5267639297.83245182 
-5267639297.53625679 
-5267639297.33498764

-5267639421.81470776 
-4608742421.43361855 
-4608742416.19143200 
-4608742414.50013542 
-4608742413.64951611 
-4608742413.13309288 
-4608742412.78444481

-4608742632.33459949 
-4068914877.26269674 
-4068914620.38068295 
-4068914604.67566490 
-4068914598.72264433 
-4068914595.54473782 
-4068914593.55334091

-4068916341.56665516 
-3539835608.23622465 
-3539835605.06334305 
-3539835603.98999071 
-3539835603.44111776 
-3539835603.10499477 
-3539835602.87685823

-3539835744.41427660 
-2839204749.85803747 
-2839204742.64723778 
-2839204740.41763639 
-2839204739.31219292 
-2839204738.64596510 
-2839204738.19819689

-2839205023.93130445 
-2470019597.93491077 
-2470019595.62947130 
-2470019594.83339024 
-2470019594.42326927 
-2470019594.17113256 
-2470019593.99958467

-2470019699.74206591 
-1981826639.68194151 
-1981826635.92603040 
-1981826634.67262173 
-1981826634.03477335 
-1981826633.64515257 
-1981826633.38111973

-1981826797.89270067 
-1882420621.20350409 
-1882420620.16177487 
-1882420619.79113197 
-1882420619.59805775 
-1882420619.47865796 
-1882420619.39712262

-1882420669.18295670 
-1882420620.05892777 
-1882420619.54667807 
-1882420619.36221957 
-1882420619.26569510 
-1882420619.20585823 
-1882420619.16493511


-11113197708.12871361 
-10778297787.23777390 
-10778297782.91798782 
-10778297781.49499512 
-10778297780.77414513 
-10778297780.33486938 
-10778297780.03762436

-10778297966.00077248 
-10132471125.02219200 
-10132471103.46621132 
-10132471098.26750374 
-10132471095.87138367 
-10132471094.47834015 
-10132471093.56208992

-10132471723.06324768 
-9785201095.26621819 
-9785201092.43947983 
-9785201091.47539139 
-9785201090.98094177 
-9785201090.67768097 
-9785201090.47165108

-9785201217.96503258 
-9238291158.57699394 
-9238291153.03985023 
-9238291151.26502419 
-9238291150.37438583 
-9238291149.83428955 
-9238291149.46991730

-9238291379.39199066 
-8802157604.47911263 
-8575726478.86906147 
-8575726448.31106853 
-8575726438.76689625 
-8575726434.01907825 
-8575726431.15279484

-8575729881.99794388 
-8231826260.48292160 
-8231826257.21051598 
-8231826256.10607815 
-8231826255.54178143 
-8231826255.19636440 
-8231826254.96198368

-8231826400.48059177 
-7641443653.10690308 
-7641443645.30646706 
-7641443642.92389584 
-7641443641.74733829 
-7641443641.03969669 
-7641443640.56468582

-7641443944.83452320 
-7334586556.22784042 
-7334586553.87242222 
-7334586553.06005001 
-7334586552.64171696 
-7334586552.38459110 
-7334586552.20967388

-7334586660.06973076 
-6808450068.26630497 
-6808450064.36710072 
-6808450063.07018089 
-6808450062.41096306 
-6808450062.00853539 
-6808450061.73592567

-6808450231.76840591 
-6179654475.07033443 
-6179654461.56292915 
-6179654457.86021614 
-6179654456.09198570 
-6179654455.04615498 
-6179654454.35120583

-6179654914.39934635 
-5869086188.36693001 
-5869086185.71823406 
-5869086184.81105232 
-5869086184.34507847 
-5869086184.05905342 
-5869086183.86463642

-5869086304.01205158 
-5267639306.05874920 
-5267639301.20945644 
-5267639299.63110352 
-5267639298.83488274 
-5267639298.35072708 
-5267639298.02354908

-5267639503.48632050 
-4608742486.29595280 
-4608742433.87767696 
-4608742424.98768806 
-4608742421.19665718 
-4608742419.07008171 
-4608742417.70010948

-4608743446.83306694 
-4274035510.74545145 
-4274035507.71316195 
-4274035506.68397188 
-4274035506.15705633 
-4274035505.83417940 
-4274035505.61494827

-4274035641.48550558 
-3539835614.40550089 
-3539835607.93742466 
-3539835605.90574789 
-3539835604.89315987 
-3539835604.28126240 
-3539835603.86933804

-3539835865.44560289 
-2982333922.07310724 
-2982333919.83999395 
-2982333919.06755924 
-2982333918.66936970 
-2982333918.42448711 
-2839205988.28120661

-2982334020.92352867 
-2470019600.42520857 
-2470019596.86841488 
-2470019595.67594862 
-2470019595.06811714 
-2470019594.69651318 
-2470019594.44455624

-2470019751.20338297 
-1981826650.53648567 
-1981826640.66891408 
-1981826637.77672076 
-1981826636.36719513 
-1981826635.52505565 
-1981826634.96204042

-1981827000.20855093 
-1882420621.56780863 
-1882420620.35517263 
-1882420619.92544079 
-1882420619.70192099 
-1882420619.56380367 
-1882420619.46953368

-1882420677.10393262 
-1882420620.13359976 
-1882420619.58714414 
-1882420619.39051604 
-1882420619.28765273 
-1882420619.22389603 
-1882420619.18029594

-1882420645.70819211 
-1882420619.73008966 
-1882420619.36793637 
-1882420619.23710513 
-1882420619.16855931 
-1882420619.12603879 
-1882420619.09694624


-4723718004.60834789 
-10344122572.92351723 
-10344122570.20741463 
-10344122569.27862930 
-10344122568.80183601 
-10344122568.50925827 
-10344122568.31042480

-4723718004.32727814 
-4723718003.51321220 
-4723718003.09870434 
-4723718002.84866047 
-4723718002.68051434 
-4723718002.55926228 
-4723718002.46745586

-4723718004.04229832 
-4723718002.37337780 
-4723718002.12539482 
-4723718002.01730633 
-4723718001.94162941 
-4723718001.89263725 
-4723718001.85818958

-4723718003.76716232 
-4723718002.08101273 
-4723718001.84366989 
-4723718001.73159409 
-4723718001.66917992 
-4723718001.61334133 
-4723718001.57339859

-4723718003.49018192 
-4723718001.80023861 
-4723718001.56435871 
-4723718001.44829845 
-4723718001.37880993 
-4723718001.33401871 
-4723718001.30261230

-4723718003.22076797 
-4723718001.52112007 
-4723718001.28444672 
-4723718001.17939854 
-4723718001.10471344 
-4723718001.05379677 
-4723718001.01794910

-4723718002.95053005 
-4723718001.24452877 
-4723718001.01363659 
-4723718000.89846611 
-4723718000.83419037 
-4723718000.79177475 
-4723718000.74990177

-4723718002.68665123 
-4723718000.97708797 
-4723718000.74209976 
-4723718000.63164043 
-4723718000.55980873 
-4723718000.51343155 
-4723718000.48087978

-4723718002.42277622 
-4723718000.70411682 
-4723718000.47265911 
-4723718000.36491394 
-4723718000.30087185 
-4723718000.24786472 
-4723718000.21049023

-4723718002.16425228 
-4723718000.44377327 
-4723718000.21459579 
-4723718000.09825325 
-4723718000.03199387 
-4723717999.98937702 
-4723717999.95656681

-4723718001.90608883 
-4723718000.17791939 
-4723717999.94734001 
-4723717999.84548187 
-4723717999.77113342 
-4723717999.72304726 
-4723717999.68925667

-4723718001.65276623 
-4723717999.91957092 
-4723717999.69122028 
-4723717999.58062744 
-4723717999.51910210 
-4723717999.47015858 
-4723717999.43111229

-4723718001.39986897 
-4274035516.11586475 
-4274035510.24657249 
-4274035508.37894297 
-4274035507.44405174 
-4274035506.87784052 
-4274035506.49614906

-4274035747.89627647 
-3863793668.53679419 
-3539835834.00305605 
-3539835658.80500889 
-3539835635.75405693 
-3539835626.32399368 
-3539835621.12899542

-3863793764.60806561 
-2982333924.36329889 
-2982333920.98450422 
-2982333919.84699821 
-2982333919.26632261 
-2982333918.91104555 
-2982333918.67004347

-2982334068.41697407 
-2470019609.37742567 
-2470019600.87726450 
-2470019598.31769419 
-2470019597.05954313 
-2470019596.30459309 
-2470019595.79854584

-2470019921.37851524 
-2081232649.97854662 
-2081232647.57078600 
-2081232646.74139333 
-2081232646.31449032 
-2081232646.05215955 
-2081232645.87372732

-2081232755.94406462 
-1882420622.08459425 
-1882420620.62749839 
-1882420620.11410213 
-1882420619.84763885 
-1882420619.68317413 
-1882420619.57100105

-1882420688.27565813 
-1882420620.21967244 
-1882420619.63373160 
-1882420619.42307925 
-1882420619.31291604 
-1882420619.24464679 
-1882420619.19796586

-1882420647.60812879 
-1882420619.76509762 
-1882420619.38700604 
-1882420619.25046325 
-1882420619.17893410 
-1882420619.13456583 
-1882420619.10421062

-1882420637.55231190 
-1882420619.55499697 
-1882420619.27241397 
-1882420619.17015958 
-1882420619.11655188 
-1882420619.08328676 
-1882420619.06052184


-2253154224.37666702 
-9785201150.32724762 
-9785201109.83908081 
-9785201102.11190987 
-9785201098.73954391 
-9785201096.82805824 
-9785201095.58928680

-2253154224.08891964 
-2253154225.64406681 
-2253154233.43026924 
-9431264700.57169151 
-9431264700.05196571 
-9431264699.73343086 
-9431264699.51712036

-2253154223.79995632 
-2253154222.26260567 
-2253154221.98303461 
-2253154221.86354876 
-2253154221.79645729 
-2253154221.75321150 
-2253154221.72288942

-2253154223.51841402 
-2253154221.92567492 
-2253154221.68907690 
-2253154221.58328342 
-2253154221.50750589 
-2253154221.45835114 
-2253154221.42374420

-2253154223.23658085 
-2253154221.63445473 
-2253154221.40050125 
-2253154221.28929281 
-2253154221.22723007 
-2253154221.17810965 
-2253154221.13769197

-2253154222.96103430 
-2253154221.35468197 
-2253154221.12235117 
-2253154221.00773239 
-2253154220.93837929 
-2253154220.89360380 
-2253154220.86217642

-2253154222.68560886 
-2253154221.06988144 
-2253154220.83608675 
-2253154220.73204374 
-2253154220.66230488 
-2253154220.61113358 
-2253154220.57505417

-2253154222.41586828 
-2253154220.79258871 
-2253154220.56536102 
-2253154220.45098877 
-2253154220.38701296 
-2253154220.34586525 
-2253154220.30620623

-2253154222.14657259 
-2253154220.52015829 
-2253154220.28769684 
-2253154220.18168688 
-2253154220.10990572 
-2253154220.06348133 
-2253154220.03085947

-2253154221.88244915 
-2253154220.24567890 
-2253154220.01739931 
-2253154219.91060877 
-2253154219.84959650 
-2253154219.79622507 
-2253154219.75853348

-2253154221.61886454 
-2253154219.97962046 
-2253154219.75402117 
-2253154219.64094687 
-2253154219.57492876 
-2253154219.53240728 
-2253154219.50260782

-2253154221.36018467 
-2253154219.71293640 
-2253154219.48517895 
-2253154219.38499069 
-2253154219.31179380 
-2253154219.26358604 
-2253154219.22966862

-2253154221.10201120 
-2253154219.44905424 
-2253154219.22597599 
-2253154219.11628199 
-2253154219.05513144 
-2253154219.01091290 
-2253154218.97144890

-2253154220.84860325 
-2253154219.19333458 
-2253154218.96717691 
-2253154218.85965776 
-2253154218.79145479 
-2253154218.74745846 
-2253154218.71659422

-2253154220.59572554 
-2253154218.93196726 
-2253154218.70865822 
-2253154218.60593414 
-2253154218.54173756 
-2253154218.49159575 
-2253154218.45626879

-2253154220.34743309 
-2081232652.77414083 
-2081232648.95252991 
-2081232647.67913556 
-2081232647.03146529 
-2081232646.63595629 
-2081232646.36797953

-2081232813.41688943 
-1882420622.87973094 
-1882420621.04182696 
-1882420620.40008497 
-1882420620.06812167 
-1882420619.86359358 
-1882420619.72425008

-1882420705.31455231 
-1882420620.32004857 
-1882420619.68798280 
-1882420619.46098137 
-1882420619.34231400 
-1882420619.26879001 
-1882420619.21852303

-1882420649.82132053 
-1882420619.80354524 
-1882420619.40793872 
-1882420619.26512361 
-1882420619.19031906 
-1882420619.14392281 
-1882420619.11218143

-1882420638.40487623 
-1882420619.57543111 
-1882420619.28357410 
-1882420619.17798400 
-1882420619.12263155 
-1882420619.08828497 
-1882420619.06478071

-1882420633.34114957 
-1882420619.44543123 
-1882420619.21252060 
-1882420619.12815547 
-1882420619.08390975 
-1882420619.05644798 
-1882420619.03765249


-1200278445.21423054 
-9431264709.70401382 
-9431264704.01635551 
-9431264702.19931221 
-9431264701.28851509 
-9431264700.73651505 
-9431264700.36424446

-1200278444.91681910 
-9028588785.90213203 
-8802157690.16241837 
-8802157638.06846046 
-8802157624.82163811 
-8802157618.62911797 
-8802157615.00441933

-1200278444.62288070 
-1200278443.26627636 
-1200278442.94119048 
-1200278442.79402661 
-1200278442.70919371 
-1200278442.65367460 
-1200278442.61435819

-1200278444.33207846 
-1200278442.81686854 
-1200278442.59026456 
-1200278442.47041750 
-1200278442.40293646 
-1200278442.35937095 
-1200278442.32879353

-1200278444.04503369 
-1200278442.52295732 
-1200278442.28792572 
-1200278442.18550968 
-1200278442.10892940 
-1200278442.05914569 
-1200278442.02404571

-1200278443.76061797 
-1200278442.22734690 
-1200278441.99761724 
-1200278441.88632250 
-1200278441.82407069 
-1200278441.77877784 
-1200278441.73745751

-1200278443.47997761 
-1200278441.94309068 
-1200278441.71238685 
-1200278441.59983516 
-1200278441.52999353 
-1200278441.48482466 
-1200278441.45308566

-1200278443.20173621 
-1200278441.65400219 
-1200278441.42347240 
-1200278441.31955171 
-1200278441.25236726 
-1200278441.20044518 
-1200278441.16377831

-1200278442.92725420 
-1200278441.37201667 
-1200278441.14796352 
-1200278441.03340387 
-1200278440.96916604 
-1200278440.92779207 
-1200278440.89413333

-1200278442.65498328 
-1200278441.09559822 
-1200278440.86583090 
-1200278440.76192832 
-1200278440.68954563 
-1200278440.64264321 
-1200278440.60964489

-1200278442.38634014 
-1200278440.81643343 
-1200278440.59064889 
-1200278440.48390412 
-1200278440.42439985 
-1200278440.37355518 
-1200278440.33516598

-1200278442.11984706 
-1200278440.54720283 
-1200278440.32331634 
-1200278440.21137500 
-1200278440.14501286 
-1200278440.10220456 
-1200278440.07217479

-1200278441.85679483 
-1200278440.27526236 
-1200278440.04953384 
-1200278439.94956827 
-1200278439.87954402 
-1200278439.83076143 
-1200278439.79639292

-1200278441.59589267 
-1200278440.00812674 
-1200278439.78741479 
-1200278439.67768073 
-1200278439.61637425 
-1200278439.57657123 
-1200278439.53627920

-1200278441.33828235 
-1200278439.74757385 
-1200278439.52312064 
-1200278439.41851163 
-1200278439.34987187 
-1200278439.30551982 
-1200278439.27437329

-1200278441.08279467 
-1200278439.48300219 
-1200278439.26154280 
-1200278439.15897655 
-1200278439.09800458 
-1200278439.04717541 
-1200278439.01131010

-1200278440.83047271 
-1200278439.22777271 
-1200278439.01030660 
-1200278438.89941525 
-1200278438.83618689 
-1200278438.79549241 
-1200278438.76584983

-1200278440.58022904 
-1200278438.97099471 
-1200278438.75025010 
-1200278438.65307355 
-1200278438.58198500 
-1200278438.53596687 
-1200278438.50361109

-1200278440.33303499 
-1200278438.71775317 
-1200278438.50065613 
-1200278438.39534330 
-1200278438.33669901 
-1200278438.29080963 
-1200278438.25330234

-1200278440.08787203 
-1200278438.47137713 
-1200278438.25234056 
-1200278438.14753318 
-1200278438.08225131 
-1200278438.04017329 
-1200278438.01067066

-1200278439.84564185 
-1200278438.22055531 
-1200278438.00352597 
-1200278437.90480971 
-1200278437.84028292 
-1200278437.79245996 
-1200278437.75879121


-693404126.06682062 
-9028588787.95991898 
-9028588784.79312134 
-9028588783.72167397 
-9028588783.17374802 
-9028588782.83819580 
-9028588782.61044121

-693404125.75727797 
-8403776350.16797352 
-8403776342.99138832 
-8403776340.77077389 
-8403776339.66952610 
-8403776339.00574684 
-8403776338.55959129

-693404125.45664990 
-693404124.42434680 
-693404124.04422474 
-693404123.84982717 
-693404123.73077500 
-693404123.64996839 
-693404123.59132910

-693404125.15438068 
-693404123.71425891 
-693404123.48008442 
-693404123.37125230 
-693404123.31038046 
-693404123.25587451 
-693404123.21548450

-693404124.86064672 
-693404123.40761411 
-693404123.18198311 
-693404123.06433904 
-693404122.99605072 
-693404122.95188797 
-693404122.92085648

-693404124.56535649 
-693404123.10887086 
-693404122.87430680 
-693404122.77268207 
-693404122.69716918 
-693404122.64640903 
-693404122.61056376

-693404124.27824259 
-693404122.80550742 
-693404122.57905030 
-693404122.46702743 
-693404122.40421498 
-693404122.36375999 
-693404122.32248354

-693404123.98962355 
-693404122.51656795 
-693404122.28626180 
-693404122.17520332 
-693404122.10443211 
-693404122.05857575 
-693404122.02631402

-693404123.70887709 
-693404122.22010350 
-693404121.99218881 
-693404121.88780379 
-693404121.82491541 
-693404121.77186847 
-693404121.73434091

-693404123.42666662 
-693404121.93343675 
-693404121.71131825 
-693404121.59590435 
-693404121.53101587 
-693404121.48915958 
-693404121.45979810

-693404123.15205097 
-693404121.65025592 
-693404121.42265260 
-693404121.32213390 
-693404121.24868286 
-693404121.20098948 
-693404121.16738927

-693404122.87599504 
-693404121.36644602 
-693404121.14181125 
-693404121.03450477 
-693404120.97455657 
-693404120.92758286 
-693404120.88819695

-693404122.60728765 
-693404121.09227514 
-693404120.86891091 
-693404120.75913763 
-693404120.69202352 
-693404120.64865887 
-693404120.61820614

-693404122.33715415 
-693404120.81446898 
-693404120.58939791 
-693404120.48909700 
-693404120.42171025 
-693404120.37201762 
-693404120.33695519

-693404122.07415390 
-693404120.54242694 
-693404120.32447207 
-693404120.21406853 
-693404120.15224230 
-693404120.11245143 
-693404120.07572520

-693404121.80974269 
-693404120.27654898 
-693404120.05244279 
-693404119.94990063 
-693404119.88039398 
-693404119.83540130 
-693404119.80376744

-693404121.55226481 
-693404120.00714970 
-693404119.78782082 
-693404119.68483531 
-693404119.62700677 
-693404119.57512963 
-693404119.53846359

-693404121.29339242 
-693404119.74652755 
-693404119.52969539 
-693404119.41993606 
-693404119.35610330 
-693404119.31496036 
-693404119.28611386

-693404121.04126155 
-693404119.48551047 
-693404119.26646709 
-693404119.16992950 
-693404119.09957600 
-693404119.05282009 
-693404119.01990354

-693404120.78775263 
-693404119.22693062 
-693404119.01165819 
-693404118.90583348 
-693404118.84677994 
-693404118.80585110 
-693404118.76741815

-693404120.54080021 
-693404118.97671866 
-693404118.75908685 
-693404118.65554047 
-693404118.58955896 
-693404118.54696262 
-693404118.51706600


-598576035.95254540 
-8575726423.31400394 
-8575726421.08377647 
-8575726420.31228638 
-8575726419.91457367 
-8575726419.66998196 
-8403776609.85985851

-598576035.63410842 
-8044969704.90311813 
-8044969701.35407352 
-8044969700.16399097 
-8044969699.55733490 
-8044969699.18643665 
-8044969698.93495369

-598576035.32550919 
-598576035.12825131 
-598576034.90898073 
-598576034.73366725 
-598576034.59011137 
-598576034.47027397 
-598576034.36863661

-598576035.02139509 
-598576033.64579856 
-598576033.40745401 
-598576033.30247605 
-598576033.22606385 
-598576033.17627144 
-598576033.14111078

-598576034.72136402 
-598576033.32350433 
-598576033.09248352 
-598576032.98257017 
-598576032.92094338 
-598576032.87545419 
-598576032.83370459

-598576034.42500377 
-598576033.01787436 
-598576032.79187107 
-598576032.67729759 
-598576032.60786772 
-598576032.56288207 
-598576032.53123367

-598576034.13198304 
-598576032.71450233 
-598576032.48340094 
-598576032.38097799 
-598576032.31282556 
-598576032.26079202 
-598576032.22398257

-598576033.84241617 
-598576032.41359532 
-598576032.19040883 
-598576032.07717025 
-598576032.01350796 
-598576031.97244382 
-598576031.93870282

-598576033.55600750 
-598576032.12405241 
-598576031.89362943 
-598576031.78881598 
-598576031.71675897 
-598576031.66997266 
-598576031.63701224

-598576033.27289593 
-598576031.82679808 
-598576031.60134661 
-598576031.49605846 
-598576031.43724024 
-598576031.38471818 
-598576031.34608769

-598576032.99284172 
-598576031.53969967 
-598576031.32050633 
-598576031.20683956 
-598576031.14099514 
-598576031.09845221 
-598576031.06857705

-598576032.71592581 
-598576031.25580275 
-598576031.03009689 
-598576030.93167901 
-598576030.85935891 
-598576030.81061292 
-598576030.77621937

-598576032.44199395 
-598576030.97138953 
-598576030.75174892 
-598576030.64342356 
-598576030.58276391 
-598576030.54296398 
-598576030.50231147

-598576032.17103899 
-598576030.69865501 
-598576030.47496855 
-598576030.36835265 
-598576030.30016255 
-598576030.25602353 
-598576030.22499049

-598576031.90301538 
-598576030.41829503 
-598576030.19749737 
-598576030.09644687 
-598576030.03451884 
-598576029.98363173 
-598576029.94766665

-598576031.63781488 
-598576030.14744341 
-598576029.93270004 
-598576029.82114971 
-598576029.75852263 
-598576029.71815777 
-598576029.68962395

-598576031.37550306 
-598576029.87942648 
-598576029.65908504 
-598576029.56105042 
-598576029.49033248 
-598576029.44446516 
-598576029.41217482

-598576031.11586952 
-598576029.61103654 
-598576029.39413929 
-598576029.29030430 
-598576029.23236346 
-598576029.18610632 
-598576029.14840961

-598576030.85908401 
-598576029.35217738 
-598576029.13516295 
-598576029.02872801 
-598576028.96399403 
-598576028.92220426 
-598576028.89287436

-598576030.60484087 
-598576029.08845437 
-598576028.87130380 
-598576028.77414930 
-598576028.70867538 
-598576028.66093040 
-598576028.62726951

-598576030.35340595 
-598576028.83141541 
-598576028.61965799 
-598576028.51287365 
-598576028.45314980 
-598576028.41473949 
-598576028.37850392


-386615704.25503433 
-8044969713.78862000 
-8044969705.33659649 
-8044969702.78905010 
-8044969701.53641891 
-8044969700.78466225 
-8044969700.28070736

-386615703.91564924 
-7641443643.06332970 
-7641443640.65895462 
-7641443639.83066177 
-7641443639.40431213 
-7641443639.14231777 
-7641443638.96411228

-386615703.58730483 
-386615712.96801007 
-7167987839.96372223 
-7167987838.62301636 
-7167987837.94234562 
-7167987837.52707577 
-7167987837.24587536

-386615703.26393747 
-386615702.02691823 
-386615701.75050491 
-386615701.62998426 
-386615701.56170154 
-386615701.51746070 
-386615701.48633701

-386615702.94665438 
-386615701.64845639 
-386615701.40876120 
-386615701.30441910 
-386615701.22610891 
-386615701.17494279 
-386615701.13874829

-386615702.63479561 
-386615701.31270981 
-386615701.07967174 
-386615700.96829224 
-386615700.90567821 
-386615700.86381155 
-386615700.82041484

-386615702.32641166 
-386615700.99083400 
-386615700.76380265 
-386615700.64834863 
-386615700.57748407 
-386615700.53147376 
-386615700.49906075

-386615702.02340722 
-386615700.67470783 
-386615700.44104564 
-386615700.33748198 
-386615700.27162141 
-386615700.21803445 
-386615700.18005109

-386615701.72276658 
-386615700.35994053 
-386615700.13636059 
-386615700.02150106 
-386615699.95674217 
-386615699.91490191 
-386615699.88552082

-386615701.42734051 
-386615700.05844492 
-386615699.82651007 
-386615699.72319680 
-386615699.64953768 
-386615699.60160172 
-386615699.56778073

-386615701.13382119 
-386615699.75008386 
-386615699.52376884 
-386615699.41721934 
-386615699.35755664 
-386615699.30855900 
-386615699.26858950

-386615700.84531349 
-386615699.45156580 
-386615699.23151404 
-386615699.11815399 
-386615699.05108976 
-386615699.00768089 
-386615698.97716200

-386615700.55852395 
-386615699.15816408 
-386615698.93122011 
-386615698.83182245 
-386615698.76150519 
-386615698.71146554 
-386615698.67610049

-386615700.27653003 
-386615698.86286980 
-386615698.64351571 
-386615698.53379583 
-386615698.47219926 
-386615698.43249971 
-386615698.39545220

-386615699.99617767 
-386615698.58093685 
-386615698.35628074 
-386615698.25081289 
-386615698.18126434 
-386615698.13615704 
-386615698.10440260

-386615699.72040594 
-386615698.29063743 
-386615698.06948704 
-386615697.96735191 
-386615697.90859193 
-386615697.85624474 
-386615697.81917852

-386615699.44624662 
-386615698.01078421 
-386615697.79699159 
-386615697.68389970 
-386615697.62023222 
-386615697.57913226 
-386615697.55028701

-386615699.17646015 
-386615697.73362929 
-386615697.51250982 
-386615697.41646475 
-386615697.34423107 
-386615697.29727876 
-386615697.26417762

-386615698.90827626 
-386615697.45642567 
-386615697.23970717 
-386615697.13467258 
-386615697.07592970 
-386615697.03254533 
-386615696.99359554

-386615698.64426684 
-386615697.18884659 
-386615696.97102666 
-386615696.86527228 
-386615696.79938191 
-386615696.75677264 
-386615696.72683412

-386615698.38185710 
-386615696.91675562 
-386615696.69928843 
-386615696.60120285 
-386615696.53720105 
-386615696.48823702 
-386615696.45366222


-262064667.58992246 
-7641443645.84838486 
-7641443642.03579426 
-7641443640.76514053 
-7641443640.11881638 
-7641443639.72411346 
-7641443639.45667744

-262064667.23056680 
-7167987858.42587185 
-7167987846.00183010 
-7167987842.52996731 
-7167987840.86248779 
-7167987839.87346363 
-7167987839.21514702

-262064666.88335237 
-6808450065.73030281 
-6808450063.12005138 
-6808450062.22522068 
-6808450061.76543999 
-6808450061.48316669 
-6808450061.29127979

-262064666.54163197 
-262064665.51899570 
-262064665.19113368 
-262064665.03687343 
-262064664.94629636 
-262064664.88636941 
-262064664.84362468

-262064666.20673978 
-262064664.99646741 
-262064664.76522464 
-262064664.64242387 
-262064664.57260013 
-262064664.52726737 
-262064664.49533251

-262064665.87865075 
-262064664.65163097 
-262064664.41001108 
-262064664.30795082 
-262064664.22800642 
-262064664.17521536 
-262064664.13779750

-262064665.55408201 
-262064664.30237707 
-262064664.06843966 
-262064663.95525408 
-262064663.89144239 
-262064663.85021535 
-262064663.81006825

-262064665.23670727 
-262064663.96728313 
-262064663.73868975 
-262064663.62324432 
-262064663.55066910 
-262064663.50344059 
-262064663.47011966

-262064664.92105150 
-262064663.63889617 
-262064663.40432116 
-262064663.29932004 
-262064663.23628795 
-262064663.18086550 
-262064663.14149305

-262064664.61256903 
-262064663.31140354 
-262064663.08710438 
-262064662.97026357 
-262064662.90418184 
-262064662.86141029 
-262064662.83134013

-262064664.30492562 
-262064662.99973920 
-262064662.76610392 
-262064662.66409364 
-262064662.58853114 
-262064662.53923172 
-262064662.50439090

-262064664.00414184 
-262064662.67869946 
-262064662.45074606 
-262064662.34262243 
-262064662.28192481 
-262064662.23866743 
-262064662.19711238

-262064663.70397073 
-262064662.37070560 
-262064662.14928350 
-262064662.03570694 
-262064661.96717894 
-262064661.92273521 
-262064661.89144865

-262064663.41029748 
-262064662.06571704 
-262064661.83659530 
-262064661.73594216 
-262064661.66934708 
-262064661.61777627 
-262064661.58126110

-262064663.11720452 
-262064661.76132536 
-262064661.54144067 
-262064661.42999592 
-262064661.36725900 
-262064661.32676086 
-262064661.29482543

-262064662.83031806 
-262064661.46772501 
-262064661.24157280 
-262064661.13861492 
-262064661.06744319 
-262064661.02118298 
-262064660.98857069

-262064662.54396746 
-262064661.16960964 
-262064660.94722581 
-262064660.84371686 
-262064660.78582963 
-262064660.73436308 
-262064660.69599414

-262064662.26358443 
-262064660.87839970 
-262064660.66371298 
-262064660.55154017 
-262064660.48661426 
-262064660.44463000 
-262064660.41513124

-262064661.98368874 
-262064660.59419239 
-262064660.37140754 
-262064660.27474317 
-262064660.20330170 
-262064660.15506110 
-262064660.12099814

-262064661.70955768 
-262064660.30596489 
-262064660.09020388 
-262064659.98366523 
-262064659.92393589 
-262064659.88546965 
-262064659.84573129

-262064661.43586570 
-262064660.03133464 
-262064659.81220427 
-262064659.70691282 
-262064659.63963121 
-262064659.59604055 
-262064659.56537494


-182166921.93786946 
-7334586556.55421543 
-7334586554.03769207 
-7334586553.17307186 
-7334586552.72845459 
-7334586552.45537472 
-7334586552.26968765

-182166921.55638826 
-6808450069.21503162 
-6808450064.81884956 
-6808450063.37321281 
-6808450062.64133835 
-6808450062.19548607 
-6808450061.89384842

-182166921.18830648 
-6179654490.03862190 
-6179654466.20880604 
-6179654460.64446449 
-6179654458.10098839 
-6179654456.62808323 
-6179654455.66154957

-182166920.82722816 
-182166920.24558872 
-182166919.87824327 
-182166919.66958085 
-182166919.53418565 
-182166919.43884176 
-182166919.36786434

-182166920.47304875 
-182166919.36932015 
-182166919.12177742 
-182166919.01007494 
-182166918.94710276 
-182166918.89353076 
-182166918.84879643

-182166920.12753507 
-182166918.98762953 
-182166918.75935760 
-182166918.63390237 
-182166918.56228846 
-182166918.51568747 
-182166918.48281020

-182166919.78499895 
-182166918.63144541 
-182166918.38740826 
-182166918.28377867 
-182166918.20681468 
-182166918.15213633 
-182166918.11329415

-182166919.45119342 
-182166918.26719439 
-182166918.03305778 
-182166917.91775012 
-182166917.85253927 
-182166917.81033283 
-182166917.77686766

-182166919.11894241 
-182166917.91957358 
-182166917.68896261 
-182166917.57576489 
-182166917.50120550 
-182166917.45256290 
-182166917.41818732

-182166918.79439965 
-182166917.57819188 
-182166917.34153900 
-182166917.23482940 
-182166917.17492837 
-182166917.11789465 
-182166917.07690156

-182166918.47159323 
-182166917.23747683 
-182166917.01477438 
-182166916.89561477 
-182166916.82799160 
-182166916.78413635 
-182166916.75326473

-182166918.15564135 
-182166916.91325578 
-182166916.67745015 
-182166916.57683888 
-182166916.49907103 
-182166916.44818923 
-182166916.41216323

-182166917.84144589 
-182166916.57972559 
-182166916.35217780 
-182166916.24219242 
-182166916.18028015 
-182166916.14031553 
-182166916.09837273

-182166917.53348765 
-182166916.25928363 
-182166916.03605616 
-182166915.92202809 
-182166915.85179803 
-182166915.80615175 
-182166915.77397311

-182166917.22724420 
-182166915.94305244 
-182166915.71364298 
-182166915.61148527 
-182166915.54712698 
-182166915.49377844 
-182166915.45592526

-182166916.92680332 
-182166915.62674960 
-182166915.40591061 
-182166915.29243496 
-182166915.22836396 
-182166915.18693382 
-182166915.15782502

-182166916.62801489 
-182166915.32419765 
-182166915.09610081 
-182166914.99396780 
-182166914.92091200 
-182166914.87331322 
-182166914.83970445

-182166916.33470780 
-182166915.01349902 
-182166914.78940895 
-182166914.68426275 
-182166914.62531668 
-182166914.57906863 
-182166914.53918144

-182166916.04297954 
-182166914.71359476 
-182166914.49729586 
-182166914.38452592 
-182166914.31813186 
-182166914.27511770 
-182166914.24485838

-182166915.75648370 
-182166914.41787544 
-182166914.19291300 
-182166914.09492108 
-182166914.02685976 
-182166913.97712401 
-182166913.94194365

-182166915.47148836 
-182166914.12120649 
-182166913.90442383 
-182166913.79610193 
-182166913.73521274 
-182166913.69594055 
-182166913.66051653


-130237942.89719877 
-6808450089.97173405 
-6808450072.93989372 
-6808450068.53864670 
-6808450066.47202492 
-6808450065.25975609 
-6808450064.45817184

-130237942.49086355 
-6367527231.90443134 
-6367527229.15997410 
-6367527228.22212219 
-6367527227.74079227 
-6367527227.44546700 
-6367527227.24478340

-130237942.09939250 
-5869086193.29123878 
-5869086188.08405304 
-5869086186.40273857 
-5869086185.55691433 
-5869086185.04333115 
-5869086184.69657135

-130237941.71736148 
-130237942.65840816 
-130237943.94715606 
-130237947.67061347 
-5267639310.28795624 
-5267639307.23649025 
-5267639305.31819248

-130237941.34189381 
-130237940.34622221 
-130237940.10505837 
-130237939.99015988 
-130237939.90801840 
-130237939.85400902 
-130237939.81564367

-130237940.97736263 
-130237939.94814304 
-130237939.69842394 
-130237939.58449198 
-130237939.52006286 
-130237939.47667299 
-130237939.42961587

-130237940.61518052 
-130237939.55227582 
-130237939.32437529 
-130237939.19723979 
-130237939.12358138 
-130237939.07552886 
-130237939.04157135

-130237940.26220822 
-130237939.18197332 
-130237938.93508042 
-130237938.82963923 
-130237938.75700060 
-130237938.70015070 
-130237938.65966311

-130237939.91213927 
-130237938.80151601 
-130237938.56836872 
-130237938.45063308 
-130237938.38382225 
-130237938.34049539 
-130237938.30999649

-130237939.56973700 
-130237938.44179000 
-130237938.20875779 
-130237938.09657648 
-130237938.01975095 
-130237937.96948838 
-130237937.93390203

-130237939.23041925 
-130237938.08411719 
-130237937.84714387 
-130237937.73846768 
-130237937.67729549 
-130237937.62674463 
-130237937.58387248

-130237938.89768302 
-130237937.73097225 
-130237937.50780132 
-130237937.38599400 
-130237937.31660949 
-130237937.27151461 
-130237937.23972550

-130237938.56809781 
-130237937.39273867 
-130237937.15470706 
-130237937.05376123 
-130237936.97847186 
-130237936.92577478 
-130237936.88838536

-130237938.24430484 
-130237937.04602468 
-130237936.81693430 
-130237936.70481141 
-130237936.64150773 
-130237936.60057507 
-130237936.56410167

-130237937.92364340 
-130237936.71254763 
-130237936.48713073 
-130237936.37520246 
-130237936.30302835 
-130237936.25600614 
-130237936.22280547

-130237937.60820197 
-130237936.38403073 
-130237936.15244187 
-130237936.04854463 
-130237935.98759308 
-130237935.93220133 
-130237935.89280488

-130237937.29582186 
-130237936.05528428 
-130237935.83548602 
-130237935.71968412 
-130237935.65408680 
-130237935.61159028 
-130237935.58169580

-130237936.98824675 
-130237935.74128792 
-130237935.51084943 
-130237935.41029499 
-130237935.33508752 
-130237935.28595607 
-130237935.25120428

-130237936.68363471 
-130237935.41891563 
-130237935.19477689 
-130237935.08774346 
-130237935.02758150 
-130237934.98571636 
-130237934.94407223

-130237936.38352135 
-130237935.10787174 
-130237934.88959490 
-130237934.77669837 
-130237934.70862611 
-130237934.66443388 
-130237934.63330403

-130237936.08625856 
-130237934.80156341 
-130237934.57586899 
-130237934.47633451 
-130237934.41039979 
-130237934.35895011 
-130237934.32248570


-122960427.43655500 
-6367527235.91626644 
-6367527231.09669399 
-6367527229.52696419 
-6367527228.73491001 
-6367527228.25323105 
-6367527227.92770290

-122960427.01888755 
-5869086254.15246391 
-5869086205.14625454 
-5869086196.56415844 
-5869086192.88230419 
-5869086190.81142426 
-5869086189.47528458

-122960426.61816180 
-5488755197.41427898 
-5488755194.39301968 
-5488755193.36730671 
-5488755192.84212303 
-5488755192.52029133 
-5488755192.30176258

-122960426.23003541 
-4763506721.12679958 
-4763506714.71303463 
-4763506712.69606876 
-4763506711.69042015 
-4763506711.08259583 
-4763506710.67336273

-122960425.85149619 
-122960424.94826785 
-122960424.66423379 
-122960424.53717153 
-122960424.46433069 
-122960424.41681378 
-122960424.38323580

-122960425.47880939 
-122960424.49626848 
-122960424.25204147 
-122960424.14774977 
-122960424.06379128 
-122960424.00758371 
-122960423.96755552

-122960425.11634766 
-122960424.09897532 
-122960423.85516885 
-122960423.73872423 
-122960423.67265017 
-122960423.62980269 
-122960423.59858835

-122960424.75574125 
-122960423.71088924 
-122960423.48036832 
-122960423.36031903 
-122960423.28434873 
-122960423.23464833 
-122960423.19946122

-122960424.40438573 
-122960423.34053557 
-122960423.09495735 
-122960422.98746775 
-122960422.92696655 
-122960422.86964640 
-122960422.82726337

-122960424.05571456 
-122960422.96532221 
-122960422.73689035 
-122960422.61642118 
-122960422.54780370 
-122960422.50320914 
-122960422.47177355

-122960423.71462101 
-122960422.60676382 
-122960422.37094158 
-122960422.26924907 
-122960422.18985832 
-122960422.13775288 
-122960422.10078467

-122960423.37658207 
-122960422.24968170 
-122960422.01593342 
-122960421.90503678 
-122960421.84242886 
-122960421.80194739 
-122960421.75931792

-122960423.04493921 
-122960421.89755411 
-122960421.67456371 
-122960421.55760433 
-122960421.48623019 
-122960421.43973127 
-122960421.40690102

-122960422.71653600 
-122960421.55979536 
-122960421.32406093 
-122960421.22129551 
-122960421.15495868 
-122960421.10019138 
-122960421.06124085

-122960422.39368668 
-122960421.21403196 
-122960420.99076609 
-122960420.87623286 
-122960420.81135809 
-122960420.76933116 
-122960420.73976767

-122960422.07412793 
-122960420.88519712 
-122960420.65724105 
-122960420.55214299 
-122960420.47777148 
-122960420.42918856 
-122960420.39482592

-122960421.75952882 
-122960420.55333997 
-122960420.32613204 
-122960420.22026634 
-122960420.16076365 
-122960420.11324024 
-122960420.07206988

-122960421.44818608 
-122960420.22843914 
-122960420.01250936 
-122960419.89555101 
-122960419.82823034 
-122960419.78452773 
-122960419.75374354

-122960421.14138548 
-122960419.91324125 
-122960419.68478300 
-122960419.58633053 
-122960419.51533283 
-122960419.46445966 
-122960419.42840520

-122960420.83775559 
-122960419.59271073 
-122960419.37246807 
-122960419.26330230 
-122960419.20176668 
-122960419.16201380 
-122960419.12724987

-122960420.53837147 
-122960419.28461395 
-122960419.06402737 
-122960418.95738009 
-122960418.88741255 
-122960418.84188677 
-122960418.80976988


-116812409.43189768 
-6024370322.78686428 
-6024370319.89263248 
-6024370318.90709686 
-6024370318.40193939 
-6024370318.09220409 
-6024370317.88181591

-116812408.99047872 
-5488755202.72611427 
-5488755196.90116501 
-5488755195.04584885 
-5488755194.11681652 
-5488755193.55405903 
-5488755193.17465687

-116812408.57993507 
-5015573006.91389751 
-4763506875.01858234 
-4763506759.41025734 
-4763506739.74096203 
-4763506731.34827900 
-4763506726.63917828

-116812408.18329519 
-4453978120.29979515 
-4453978116.93487167 
-4453978115.80166817 
-4453978115.22312164 
-4453978114.86912537 
-4453978114.62898350

-116812407.79646924 
-116812407.11823100 
-116812406.78013055 
-116812406.61201385 
-116812406.51054370 
-116812406.44228463 
-116812406.39305091

-116812407.42103776 
-116812406.48980503 
-116812406.25709032 
-116812406.12656388 
-116812406.05137640 
-116812406.00219074 
-116812405.96736927

-116812407.04861972 
-116812406.08659007 
-116812405.83893569 
-116812405.73253074 
-116812405.65963453 
-116812405.60092126 
-116812405.55898666

-116812406.68773851 
-116812405.68585368 
-116812405.44896390 
-116812405.32971847 
-116812405.26180273 
-116812405.21766603 
-116812405.18655400

-116812406.32756580 
-116812405.30324996 
-116812405.06977585 
-116812404.95821270 
-116812404.87964283 
-116812404.82807924 
-116812404.79149692

-116812405.97734348 
-116812404.93053225 
-116812404.68983118 
-116812404.58005555 
-116812404.51808394 
-116812404.47225754 
-116812404.42768990

-116812405.62919126 
-116812404.55879462 
-116812404.33697984 
-116812404.21346469 
-116812404.14282258 
-116812404.09680261 
-116812404.06431149

-116812405.28889912 
-116812404.20469943 
-116812403.96574186 
-116812403.86401087 
-116812403.79063947 
-116812403.73644425 
-116812403.69790231

-116812404.95142484 
-116812403.84353682 
-116812403.61427803 
-116812403.50090474 
-116812403.43669088 
-116812403.39509353 
-116812403.36583290

-116812404.62036382 
-116812403.49498740 
-116812403.26929830 
-116812403.15815295 
-116812403.08454655 
-116812403.03646584 
-116812403.00245953

-116812404.29254271 
-116812403.15396914 
-116812402.92133537 
-116812402.81653705 
-116812402.75763714 
-116812402.70397784 
-116812402.66324177

-116812403.97013511 
-116812402.81114155 
-116812402.59218657 
-116812402.47496611 
-116812402.40833299 
-116812402.36507839 
-116812402.33461054

-116812403.65115672 
-116812402.48470414 
-116812402.25388217 
-116812402.15641847 
-116812402.08006108 
-116812402.02971584 
-116812401.99403684

-116812403.33691530 
-116812402.15026537 
-116812401.92600407 
-116812401.81794085 
-116812401.75702994 
-116812401.71768181 
-116812401.67801838

-116812403.02613904 
-116812401.82721016 
-116812401.60881460 
-116812401.49757190 
-116812401.42832091 
-116812401.38326329 
-116812401.35147755

-116812402.71964996 
-116812401.51009776 
-116812401.28368108 
-116812401.18341507 
-116812401.12089857 
-116812401.06805333 
-116812401.03051810

-116812402.41656528 
-116812401.19101402 
-116812400.97521265 
-116812400.86366791 
-116812400.80059607 
-116812400.75977813 
-116812400.73108391


-108278347.75442810 
-5488756515.85589218 
-5488755232.88327026 
-5488755213.98664284 
-5488755207.15503883 
-5488755203.57476997 
-5488755201.35351562

-108278347.27657144 
-5015573009.01432991 
-5015573005.80816364 
-5015573004.72439861 
-5015573004.17035675 
-5015573003.83111763 
-5015573003.60088730

-108278346.83457589 
-4453978127.73721886 
-4453978120.33561707 
-4453978118.05612373 
-4453978116.92742348 
-4453978116.24763298 
-4453978115.79093552

-108278346.41806985 
-4068914589.08822393 
-4068914586.76595879 
-4068914585.96438837 
-4068914585.55149984 
-4068914585.29768181 
-4068914585.12499762

-108278346.01605573 
-108278345.98608412 
-108278345.69443698 
-108278345.49165192 
-108278345.34202962 
-108278345.22682951 
-108278345.13524151

-108278345.62436688 
-108278344.81299928 
-108278344.55196586 
-108278344.43384762 
-108278344.36657853 
-108278344.32286383 
-108278344.28235121

-108278345.24538940 
-108278344.35602184 
-108278344.12470779 
-108278343.99656510 
-108278343.91875219 
-108278343.86768840 
-108278343.83146212

-108278344.86940181 
-108278343.94961581 
-108278343.69818661 
-108278343.58944321 
-108278343.52805772 
-108278343.46759388 
-108278343.42346942

-108278344.50565690 
-108278343.53897366 
-108278343.30662648 
-108278343.18428157 
-108278343.11431411 
-108278343.06873569 
-108278343.03655726

-108278344.14219615 
-108278343.15356503 
-108278342.91682029 
-108278342.81398675 
-108278342.73250248 
-108278342.67883511 
-108278342.64067027

-108278343.78937553 
-108278342.77385290 
-108278342.53654647 
-108278342.42424141 
-108278342.36063640 
-108278342.31943491 
-108278342.28001674

-108278343.43773666 
-108278342.39958245 
-108278342.17597856 
-108278342.05654423 
-108278341.98364311 
-108278341.93602549 
-108278341.90234780

-108278343.09508620 
-108278342.04280007 
-108278341.80333829 
-108278341.69952263 
-108278341.63436763 
-108278341.57780415 
-108278341.53746903

-108278342.75421076 
-108278341.67668264 
-108278341.45094694 
-108278341.33483328 
-108278341.26883370 
-108278341.22599198 
-108278341.19581573

-108278342.42102496 
-108278341.32754856 
-108278341.09886114 
-108278340.99339180 
-108278340.91729034 
-108278340.86743201 
-108278340.83209939

-108278342.08993202 
-108278340.97989823 
-108278340.74947380 
-108278340.64242572 
-108278340.58209020 
-108278340.53815316 
-108278340.49537197

-108278341.76559077 
-108278340.63604063 
-108278340.41966026 
-108278340.30076633 
-108278340.23217569 
-108278340.18754962 
-108278340.15606917

-108278341.44348036 
-108278340.30658068 
-108278340.07452109 
-108278339.97519283 
-108278339.90541174 
-108278339.85307993 
-108278339.81591095

-108278341.12745927 
-108278339.96825162 
-108278339.74631664 
-108278339.63582182 
-108278339.57334724 
-108278339.53291717 
-108278339.50449622

-108278340.81368977 
-108278339.64390180 
-108278339.42275783 
-108278339.31615832 
-108278339.24475530 
-108278339.19818074 
-108278339.16527072

-108278340.50554539 
-108278339.32179610 
-108278339.09670353 
-108278338.99442966 
-108278338.93702936 
-108278338.88537410 
-108278338.84615561


-102864433.97837998 
-5015573015.38785934 
-5015573008.76821423 
-5015573006.69565773 
-5015573005.66381168 
-5015573005.04062271 
-5015573004.62123871

-102864433.46503644 
-4608742415.63497162 
-4608742413.38614082 
-4608742412.60855961 
-4608742412.20777225 
-4608742411.96131039 
-4608742411.79359531

-102864432.99701466 
-4068914591.62689495 
-4068914588.02762938 
-4068914586.82211685 
-4068914586.20785093 
-4068914585.83238220 
-4068914585.57783365

-102864432.55725309 
-3215877558.51297998 
-3215877548.27559376 
-3215877545.29628372 
-3215877543.84752464 
-3215877542.98290825 
-3215877542.40525532

-102864432.14387424 
-102864436.25761661 
-2839204738.54597569 
-2839204737.68255663 
-2839204737.23854351 
-2839204736.96582937 
-2839204736.78038931

-102864431.73850177 
-102864431.02253556 
-102864430.77328707 
-102864430.66550004 
-102864430.57582405 
-102864430.51482406 
-102864430.47111151

-102864431.34669295 
-102864430.55401723 
-102864430.29639755 
-102864430.17513733 
-102864430.10579550 
-102864430.06062666 
-102864430.02873829

-102864430.96637477 
-102864430.09992863 
-102864429.86523215 
-102864429.74830762 
-102864429.66756190 
-102864429.61438458 
-102864429.57656991

-102864430.58909349 
-102864429.69276585 
-102864429.44300783 
-102864429.33169256 
-102864429.26865193 
-102864429.22350132 
-102864429.17685170

-102864430.22458816 
-102864429.28072631 
-102864429.05529039 
-102864428.92953183 
-102864428.85728487 
-102864428.81009689 
-102864428.77672414

-102864429.85947418 
-102864428.89676653 
-102864428.65644357 
-102864428.55353817 
-102864428.48088543 
-102864428.42484136 
-102864428.38487868

-102864429.50582679 
-102864428.51263824 
-102864428.27945760 
-102864428.16436963 
-102864428.09895737 
-102864428.05649854 
-102864428.02659270

-102864429.15256244 
-102864428.13818556 
-102864427.91147381 
-102864427.80029576 
-102864427.72487976 
-102864427.67547329 
-102864427.64046218

-102864428.80911988 
-102864427.77849314 
-102864427.54147191 
-102864427.43536432 
-102864427.37556204 
-102864427.32239327 
-102864427.28000991

-102864428.46666487 
-102864427.41134968 
-102864427.19171101 
-102864427.07258116 
-102864427.00460283 
-102864426.96037701 
-102864426.92917977

-102864428.13273931 
-102864427.06452715 
-102864426.83255138 
-102864426.73409162 
-102864426.65620898 
-102864426.60435376 
-102864426.56752481

-102864427.80012801 
-102864426.71093629 
-102864426.48478357 
-102864426.37526155 
-102864426.31334056 
-102864426.27327006 
-102864426.23727515

-102864427.47509941 
-102864426.36866914 
-102864426.14943294 
-102864426.03580251 
-102864425.96503906 
-102864425.91888385 
-102864425.88627115

-102864427.15153375 
-102864426.03430793 
-102864425.80530961 
-102864425.70393166 
-102864425.64300886 
-102864425.58843723 
-102864425.54957969

-102864426.83487520 
-102864425.69706219 
-102864425.47888267 
-102864425.36571309 
-102864425.30150956 
-102864425.25987962 
-102864425.23057799

-102864426.51971146 
-102864425.37386264 
-102864425.14969727 
-102864425.04947333 
-102864424.97567698 
-102864424.92740646 
-102864424.89323525


-97721216.03614791 
-4608742417.96758842 
-4608742414.55072880 
-4608742413.40143108 
-4608742412.81492233 
-4608742412.45613575 
-4608742412.21277809

-97721215.47896677 
-4068914600.95387173 
-4068914592.18360996 
-4068914589.55697966 
-4068914588.26810598 
-4068914587.49539995 
-4068914586.97772694

-97721214.97642009 
-3539835606.74352407 
-3539835604.31730127 
-3539835603.48191595 
-3539835603.05199718 
-3539835602.78783512 
-3539835602.60816717

-97721214.50856510 
-2839204744.19695759 
-2839204740.08621883 
-2839204738.72558737 
-2839204738.03517008 
-2839204737.61407280 
-2839204737.32897472

-97721214.07009007 
-2243963661.37965441 
-2243963644.54615211 
-2243963640.18226242 
-2243963638.13136053 
-2243963636.92779398 
-2243963636.13175917

-97721213.65373121 
-97721213.12388754 
-97721212.82701994 
-97721212.68960087 
-97721212.60954420 
-97721212.55682422 
-97721212.51933645

-97721213.24443495 
-97721212.56146330 
-97721212.30800676 
-97721212.19761355 
-97721212.11938459 
-97721212.05511926 
-97721212.00888403

-97721212.84964152 
-97721212.08585802 
-97721211.83188774 
-97721211.70718032 
-97721211.63554335 
-97721211.58875607 
-97721211.55566782

-97721212.46602097 
-97721211.63341276 
-97721211.39504367 
-97721211.28551301 
-97721211.20149186 
-97721211.14593267 
-97721211.10631777

-97721212.08688691 
-97721211.21896774 
-97721210.97220030 
-97721210.85806794 
-97721210.79320310 
-97721210.75110120 
-97721210.71550035

-97721211.71903318 
-97721210.80519632 
-97721210.58032295 
-97721210.45554967 
-97721210.38077296 
-97721210.33178803 
-97721210.29707693

-97721211.35262476 
-97721210.41944610 
-97721210.17524339 
-97721210.07001175 
-97721210.00898625 
-97721209.95025171 
-97721209.90823998

-97721210.99579039 
-97721210.02918118 
-97721209.80024059 
-97721209.68210243 
-97721209.61469488 
-97721209.57084225 
-97721209.53990912

-97721210.64102848 
-97721209.65296738 
-97721209.42287463 
-97721209.32007730 
-97721209.24186358 
-97721209.19045310 
-97721209.15394156

-97721210.29475409 
-97721209.28865659 
-97721209.05476716 
-97721208.94615129 
-97721208.88474613 
-97721208.84423596 
-97721208.79950346

-97721209.95072480 
-97721208.91980909 
-97721208.70234796 
-97721208.58362758 
-97721208.51346043 
-97721208.46769629 
-97721208.43536094

-97721209.61426792 
-97721208.57454598 
-97721208.33899736 
-97721208.23845372 
-97721208.16920632 
-97721208.11510541 
-97721208.07658488

-97721209.28007738 
-97721208.21358019 
-97721207.99135226 
-97721207.87912121 
-97721207.81545414 
-97721207.77417353 
-97721207.74511847

-97721208.95275423 
-97721207.87220326 
-97721207.64985472 
-97721207.54243614 
-97721207.46926408 
-97721207.42140441 
-97721207.38752523

-97721208.62764035 
-97721207.53164639 
-97721207.30530120 
-97721207.20168164 
-97721207.14337051 
-97721207.09443581 
-97721207.05365930

-97721208.30887039 
-97721207.19484648 
-97721206.98100555 
-97721206.86490527 
-97721206.79879458 
-97721206.75583610 
-97721206.72555700


-92835159.15413322 
-4274035509.36743832 
-4274035507.02168608 
-4274035506.21246147 
-4274035505.79571486 
-4274035505.53955269 
-4274035505.36528540

-92835158.54495445 
-3539835609.59711885 
-3539835605.72600698 
-3539835604.43759441 
-3539835603.78255081 
-3539835603.38262320 
-3539835603.11168814

-92835158.00009230 
-2839204759.61057758 
-2839204746.46929836 
-2839204742.84368515 
-2839204741.10898209 
-2839204740.08202028 
-2839204739.39922571

-92835157.49647619 
-2470019598.60431814 
-2470019595.96802235 
-2470019595.06482124 
-2470019594.60084391 
-2470019594.31602716 
-2470019594.12242556

-92835157.02818978 
-1981826641.67614317 
-1981826636.87128782 
-1981826635.30583262 
-1981826634.51584458 
-1981826634.03539324 
-1981826633.71068287

-92835156.58464053 
-92835156.45005390 
-92835156.10562073 
-92835155.91898684 
-92835155.80107203 
-92835155.71945481 
-92835155.65942395

-92835156.16175723 
-92835155.63825494 
-92835155.38402961 
-92835155.24194655 
-92835155.15860669 
-92835155.10350226 
-92835155.06421363

-92835155.74769974 
-92835155.10860378 
-92835154.85062760 
-92835154.73738970 
-92835154.67303744 
-92835154.60669667 
-92835154.55754112

-92835155.34733583 
-92835154.62195450 
-92835154.37584957 
-92835154.24736883 
-92835154.17319113 
-92835154.12460129 
-92835154.09017141

-92835154.95815551 
-92835154.16830467 
-92835153.92597567 
-92835153.82156368 
-92835153.73758793 
-92835153.67933749 
-92835153.63767451

-92835154.57614286 
-92835153.74308677 
-92835153.50040075 
-92835153.38319094 
-92835153.31631796 
-92835153.27281491 
-92835153.24212925

-92835154.20336674 
-92835153.32647678 
-92835153.09814453 
-92835152.97789754 
-92835152.90031323 
-92835152.84931968 
-92835152.81310575

-92835153.83471380 
-92835152.93435496 
-92835152.68970640 
-92835152.58193853 
-92835152.52101628 
-92835152.47036740 
-92835152.42600955

-92835153.47402661 
-92835152.53753836 
-92835152.31287310 
-92835152.19140004 
-92835152.12179145 
-92835152.07639375 
-92835152.04431829

-92835153.11641422 
-92835152.16096269 
-92835151.92721833 
-92835151.82745525 
-92835151.74986352 
-92835151.69620399 
-92835151.65799956

-92835152.76663314 
-92835151.78753041 
-92835151.55662365 
-92835151.44527103 
-92835151.38210623 
-92835151.34115277 
-92835151.30991355

-92835152.41980560 
-92835151.41882457 
-92835151.19817446 
-92835151.08317563 
-92835151.01058842 
-92835150.96311381 
-92835150.92950836

-92835152.08011869 
-92835151.06617822 
-92835150.83180690 
-92835150.72899352 
-92835150.67015171 
-92835150.61351936 
-92835150.57307997

-92835151.74328437 
-92835150.70423181 
-92835150.48413901 
-92835150.36894982 
-92835150.30336246 
-92835150.26074575 
-92835150.23070833

-92835151.41296981 
-92835150.36032538 
-92835150.13461047 
-92835150.03451043 
-92835149.95866869 
-92835149.90890734 
-92835149.87360917

-92835151.08536619 
-92835150.01470669 
-92835149.78926912 
-92835149.68320647 
-92835149.62334412 
-92835149.58464400 
-92835149.54241693


-88193405.30034105 
-3539835621.74291897 
-3539835610.94971895 
-3539835607.84162998 
-3539835606.33518076 
-3539835605.43760300 
-3539835604.83852100

-88193404.62994477 
-2982333922.69719791 
-2982333920.15658998 
-2982333919.28419352 
-2982333918.83567095 
-2982333918.56022167 
-2982333918.37293720

-88193404.03492822 
-2470019602.18666077 
-2470019597.71117020 
-2470019596.24210978 
-2470019595.49884415 
-2470019595.04620075 
-2470019594.74003124

-88193403.48818423 
-1981826675.11847615 
-1981826648.48520613 
-1981826642.49786925 
-1981826639.78667617 
-1981826638.22359300 
-1981826637.20054889

-88193402.98302621 
-1882420621.73312807 
-1882420620.44254827 
-1882420619.98603201 
-1882420619.74874306 
-1882420619.60217094 
-1882420619.50215292

-88193402.50708216 
-88193403.52384074 
-88193403.76383460 
-88193404.06372790 
-88193404.44993500 
-88193404.96740621 
-88193405.69960865

-88193402.05533510 
-88193401.74571377 
-88193401.46489802 
-88193401.33738127 
-88193401.26376711 
-88193401.21554911 
-88193401.18138395

-88193401.62193340 
-88193401.14459360 
-88193400.90402384 
-88193400.76217438 
-88193400.67517130 
-88193400.61737688 
-88193400.57604252

-88193401.20175645 
-88193400.61835800 
-88193400.35555638 
-88193400.23921920 
-88193400.17284890 
-88193400.12883294 
-88193400.07627311

-88193400.79444914 
-88193400.11709018 
-88193399.87994212 
-88193399.74733765 
-88193399.67034563 
-88193399.61974455 
-88193399.58381084

-88193400.39703391 
-88193399.65929297 
-88193399.41271794 
-88193399.30574694 
-88193399.23434845 
-88193399.17304641 
-88193399.12904170

-88193400.01006442 
-88193399.22009701 
-88193398.98094508 
-88193398.86037911 
-88193398.79129587 
-88193398.74624290 
-88193398.71441199

-88193399.63130568 
-88193398.79825339 
-88193398.56620292 
-88193398.45424639 
-88193398.37354325 
-88193398.32029933 
-88193398.28239261

-88193399.25878288 
-88193398.39517178 
-88193398.15246733 
-88193398.04194023 
-88193397.97924764 
-88193397.93860184 
-88193397.89341851

-88193398.89331128 
-88193397.99216864 
-88193397.77247068 
-88193397.64735729 
-88193397.57532029 
-88193397.52820797 
-88193397.49486016

-88193398.53222811 
-88193397.61310101 
-88193397.37543474 
-88193397.27337880 
-88193397.20344149 
-88193397.14725082 
-88193397.10712905

-88193398.17789216 
-88193397.22969000 
-88193397.00165278 
-88193396.88731994 
-88193396.82222466 
-88193396.77992938 
-88193396.75011931

-88193397.82742497 
-88193396.85912305 
-88193396.63504097 
-88193396.52521975 
-88193396.44995557 
-88193396.40057607 
-88193396.36555015

-88193397.48377886 
-88193396.49847454 
-88193396.26587524 
-88193396.16059585 
-88193396.10117884 
-88193396.05373774 
-88193396.01111171

-88193397.14321919 
-88193396.13431570 
-88193395.91707715 
-88193395.79866348 
-88193395.73096496 
-88193395.68687242 
-88193395.65574665

-88193396.80933881 
-88193395.78779082 
-88193395.55845569 
-88193395.46087043 
-88193395.38719653 
-88193395.33530904 
-88193395.29841654


-83783739.34809665 
-2982333925.93133307 
-2982333921.74091053 
-2982333920.35643864 
-2982333919.65437460 
-2982333919.22631693 
-2982333918.93656588

-83783738.60537532 
-2470019624.82409477 
-2470019606.40243769 
-2470019601.74537849 
-2470019599.57180929 
-2470019598.30052519 
-2470019597.46137619

-83783737.95137791 
-2081232650.71516299 
-2081232647.94171381 
-2081232646.99460554 
-2081232646.50864458 
-2081232646.21051788 
-2081232646.00794673

-83783737.35380128 
-1882420622.33057046 
-1882420620.75627923 
-1882420620.20312834 
-1882420619.91632748 
-1882420619.73940754 
-1882420619.61878037

-83783736.80469537 
-1882420620.25425220 
-1882420619.65243077 
-1882420619.43614554 
-1882420619.32305145 
-1882420619.25297093 
-1882420619.20505381

-83783736.28967416 
-1882420619.77862167 
-1882420619.39437056 
-1882420619.25562143 
-1882420619.18293977 
-1882420619.13785815 
-1882420619.10701537

-83783735.80284959 
-83783735.73993540 
-83783735.47895236 
-83783735.36343843 
-83783735.26046947 
-83783735.18872887 
-83783735.13658020

-83783735.33951335 
-83783735.09324591 
-83783734.80675112 
-83783734.67509604 
-83783734.59866337 
-83783734.54843307 
-83783734.51276413

-83783734.89267454 
-83783734.47966403 
-83783734.23479034 
-83783734.10813347 
-83783734.01703683 
-83783733.95619594 
-83783733.91252530

-83783734.46312559 
-83783733.94892652 
-83783733.68100128 
-83783733.56129117 
-83783733.49270383 
-83783733.44797635 
-83783733.41637638

-83783734.04800971 
-83783733.43159668 
-83783733.20114236 
-83783733.06517635 
-83783732.98506276 
-83783732.93221158 
-83783732.89458625

-83783733.64066464 
-83783732.96435961 
-83783732.71325295 
-83783732.60350454 
-83783732.54125753 
-83783732.48190039 
-83783732.43520176

-83783733.24564412 
-83783732.50876774 
-83783732.27260365 
-83783732.14838132 
-83783732.07686378 
-83783732.03009365 
-83783731.99698916

-83783732.85952781 
-83783732.07725754 
-83783731.84122808 
-83783731.73891428 
-83783731.65474132 
-83783731.59896816 
-83783731.55914670

-83783732.48127101 
-83783731.66205813 
-83783731.42137812 
-83783731.30785312 
-83783731.24322225 
-83783731.20123038 
-83783731.17162935

-83783732.10992849 
-83783731.25126597 
-83783731.02872235 
-83783730.90762240 
-83783730.83290359 
-83783730.78388481 
-83783730.74911609

-83783731.74424629 
-83783730.86619353 
-83783730.62433399 
-83783730.51979330 
-83783730.46079642 
-83783730.40196779 
-83783730.35966374

-83783731.38447350 
-83783730.47170411 
-83783730.24686024 
-83783730.12928580 
-83783730.06207222 
-83783730.01829745 
-83783729.98739690

-83783731.02962823 
-83783730.09707592 
-83783729.86931726 
-83783729.76721793 
-83783729.68898892 
-83783729.63748288 
-83783729.60086320

-83783730.68061611 
-83783729.72757033 
-83783729.49684583 
-83783729.38889138 
-83783729.32776873 
-83783729.28818206 
-83783729.24717495

-83783730.33617225 
-83783729.36005528 
-83783729.14491594 
-83783729.02600387 
-83783728.95598318 
-83783728.91025831 
-83783728.87792456


-79594556.93183699 
-2696075559.78732014 
-2696075557.12021255 
-2696075556.20712233 
-2696075555.73818922 
-2696075555.45037031 
-2696075555.25474501

-79594556.10298830 
-2081232654.84904766 
-2081232649.93298984 
-2081232648.33530617 
-2081232647.52975130 
-2081232647.04005194 
-2081232646.70918274

-79594555.37943414 
-1882420623.28720284 
-1882420621.25193906 
-1882420620.54461598 
-1882420620.17936134 
-1882420619.95452833 
-1882420619.80143833

-79594554.72218263 
-1882420620.36073279 
-1882420619.70994782 
-1882420619.47632122 
-1882420619.35421014 
-1882420619.27855873 
-1882420619.22683978

-79594554.12148438 
-1882420619.81844664 
-1882420619.41604853 
-1882420619.27080250 
-1882420619.19472885 
-1882420619.14754701 
-1882420619.11526895

-79594553.56037775 
-1882420619.58320189 
-1882420619.28781724 
-1882420619.18095851 
-1882420619.12494278 
-1882420619.09018493 
-1882420619.06639957

-79594553.03196217 
-79594553.32391192 
-79594553.01153940 
-79594552.85986632 
-79594552.76941538 
-79594552.70901200 
-79594552.66565841

-79594552.53117390 
-79594552.54239194 
-79594552.27623396 
-79594552.15733401 
-79594552.07523139 
-79594551.99855717 
-79594551.94242857

-79594552.05097549 
-79594551.89159618 
-79594551.59919406 
-79594551.46302852 
-79594551.38347362 
-79594551.33099477 
-79594551.29363628

-79594551.59081392 
-79594551.26361917 
-79594551.01416415 
-79594550.89673397 
-79594550.80105621 
-79594550.73674954 
-79594550.69039384

-79594551.14795835 
-79594550.71915953 
-79594550.44582424 
-79594550.32244554 
-79594550.25142004 
-79594550.20497410 
-79594550.17210022

-79594550.72033875 
-79594550.18518731 
-79594549.95070530 
-79594549.81711908 
-79594549.73353676 
-79594549.67815953 
-79594549.63862291

-79594550.30463360 
-79594549.70014228 
-79594549.44421919 
-79594549.33145875 
-79594549.26726755 
-79594549.22334835 
-79594549.17352852

-79594549.90019266 
-79594549.22882828 
-79594548.99259129 
-79594548.86438800 
-79594548.79018591 
-79594548.74150896 
-79594548.70698404

-79594549.50266588 
-79594548.77984409 
-79594548.53957233 
-79594548.43573055 
-79594548.35997020 
-79594548.30134323 
-79594548.25934471

-79594549.11837567 
-79594548.35217077 
-79594548.11117056 
-79594547.99439052 
-79594547.92763613 
-79594547.88416235 
-79594547.85347515

-79594548.73791300 
-79594547.93059047 
-79594547.70432208 
-79594547.58856769 
-79594547.51088265 
-79594547.45973817 
-79594547.42337717

-79594548.36735365 
-79594547.53390655 
-79594547.29011585 
-79594547.18288516 
-79594547.12217592 
-79594547.07455882 
-79594547.02975614

-79594548.00021526 
-79594547.12835965 
-79594546.90706596 
-79594546.78596778 
-79594546.71642765 
-79594546.67101885 
-79594546.63890964

-79594547.64084755 
-79594546.74747653 
-79594546.51579374 
-79594546.41664177 
-79594546.34084675 
-79594546.28695905 
-79594546.24854383

-79594547.28483292 
-79594546.36764038 
-79594546.13892756 
-79594546.02807377 
-79594545.96508880 
-79594545.92421326 
-79594545.89542620


