      0.10000000

      0.55491228

      0.18649123

      0.81807018

      0.44964912

      1.08122807

      0.71280702

      1.34438596

      0.97596491

      1.60754386

      1.23912281

      1.87070175

      1.50228070

      2.13385965

      1.76543860

      2.39701754

      2.02859649

      2.66017544

      2.29175439

      2.92333333

      2.55491228


      0.21833333

      0.84991228

      0.48149123

      0.11307018

      0.74464912

      0.37622807

      1.00780702

      0.63938596

      1.27096491

      0.90254386

      1.53412281

      1.16570175

      1.79728070

      1.42885965

      2.06043860

      1.69201754

      2.32359649

      1.95517544

      2.58675439

      2.21833333

      4.84991228


      0.51333333

      0.14491228

      0.77649123

      0.40807018

      1.03964912

      0.67122807

      1.30280702

      0.93438596

      1.56596491

      1.19754386

      1.82912281

      1.46070175

      2.09228070

      1.72385965

      2.35543860

      1.98701754

      2.61859649

      2.25017544

      2.88175439

      4.51333333

      7.14491228


      0.80833333

      0.43991228

      1.07149123

      0.70307018

      1.33464912

      0.96622807

      1.59780702

      1.22938596

      1.86096491

      1.49254386

      2.12412281

      1.75570175

      2.38728070

      2.01885965

      2.65043860

      2.28201754

      2.91359649

      2.54517544

      4.17675439

      6.80833333

      9.43991228


      0.10333333

      0.73491228

      0.36649123

      0.99807018

      0.62964912

      1.26122807

      0.89280702

      1.52438596

      1.15596491

      1.78754386

      1.41912281

      2.05070175

      1.68228070

      2.31385965

      1.94543860

      2.57701754

      2.20859649

      3.84017544

      6.47175439

      9.10333333

     11.73491228


      0.39833333

      1.02991228

      0.66149123

      1.29307018

      0.92464912

      1.55622807

      1.18780702

      1.81938596

      1.45096491

      2.08254386

      1.71412281

      2.34570175

      1.97728070

      2.60885965

      2.24043860

      2.87201754

      3.50359649

      6.13517544

      8.76675439

     11.39833333

     14.02991228


      0.69333333

      1.32491228

      0.95649123

      1.58807018

      1.21964912

      1.85122807

      1.48280702

      2.11438596

      1.74596491

      2.37754386

      2.00912281

      2.64070175

      2.27228070

      2.90385965

      2.53543860

      3.16701754

      5.79859649

      8.43017544

     11.06175439

     13.69333333

     16.32491228


      0.98833333

      0.61991228

      1.25149123

      0.88307018

      1.51464912

      1.14622807

      1.77780702

      1.40938596

      2.04096491

      1.67254386

      2.30412281

      1.93570175

      2.56728070

      2.19885965

      2.83043860

      5.46201754

      8.09359649

     10.72517544

     13.35675439

     15.98833333

      3.84991228


      1.28333333

      0.91491228

      1.54649123

      1.17807018

      1.80964912

      1.44122807

      2.07280702

      1.70438596

      2.33596491

      1.96754386

      2.59912281

      2.23070175

      2.86228070

      2.49385965

      5.12543860

      7.75701754

     10.38859649

     13.02017544

     15.65175439

      3.51333333

      6.14491228


      0.57833333

      1.20991228

      0.84149123

      1.47307018

      1.10464912

      1.73622807

      1.36780702

      1.99938596

      1.63096491

      2.26254386

      1.89412281

      2.52570175

      2.15728070

      4.78885965

      7.42043860

     10.05201754

     12.68359649

     15.31517544

      3.17675439

      5.80833333

      8.25991228


      0.87333333

      1.50491228

      1.13649123

      1.76807018

      1.39964912

      2.03122807

      1.66280702

      2.29438596

      1.92596491

      2.55754386

      2.18912281

      2.82070175

      4.45228070

      7.08385965

      9.71543860

     12.34701754

     14.97859649

      2.84017544

      5.47175439

      7.92333333

     10.55491228


      1.16833333

      1.79991228

      1.43149123

      2.06307018

      1.69464912

      2.32622807

      1.95780702

      2.58938596

      2.22096491

      2.85254386

      2.48412281

      4.11570175

      6.74728070

      9.37885965

     12.01043860

     14.64201754

      2.50359649

      5.13517544

      7.58675439

     10.21833333

     12.84991228


      1.46333333

      1.09491228

      1.72649123

      1.35807018

      1.98964912

      1.62122807

      2.25280702

      1.88438596

      2.51596491

      2.14754386

      3.77912281

      6.41070175

      9.04228070

     11.67385965

     14.30543860

      2.16701754

      4.79859649

      7.25017544

      9.88175439

     12.51333333

     15.14491228


      1.75833333

      1.38991228

      2.02149123

      1.65307018

      2.28464912

      1.91622807

      2.54780702

      2.17938596

      2.81096491

      3.44254386

      6.07412281

      8.70570175

     11.33728070

     13.96885965

     16.60043860

      4.46201754

      6.91359649

      9.54517544

     12.17675439

     14.80833333

     17.43991228


      2.05333333

      1.68491228

      2.31649123

      1.94807018

      2.57964912

      2.21122807

      2.84280702

      2.47438596

      3.10596491

      5.73754386

      8.36912281

     11.00070175

     13.63228070

     16.26385965

      4.12543860

      6.57701754

      9.20859649

     11.84017544

     14.47175439

     17.10333333

     19.73491228


      1.34833333

      1.97991228

      1.61149123

      2.24307018

      1.87464912

      2.50622807

      2.13780702

      2.76938596

      5.40096491

      8.03254386

     10.66412281

     13.29570175

     15.92728070

      3.78885965

      6.42043860

      8.87201754

     11.50359649

     14.13517544

     16.76675439

     19.39833333

      7.38991228


      1.64333333

      2.27491228

      1.90649123

      2.53807018

      2.16964912

      2.80122807

      2.43280702

      5.06438596

      7.69596491

     10.32754386

     12.95912281

     15.59070175

      3.45228070

      6.08385965

      8.53543860

     11.16701754

     13.79859649

     16.43017544

     19.06175439

      7.05333333

      9.68491228


      1.93833333

      1.56991228

      2.20149123

      1.83307018

      2.46464912

      2.09622807

      4.72780702

      7.35938596

      9.99096491

     12.62254386

     15.25412281

      3.11570175

      5.74728070

      8.19885965

     10.83043860

     13.46201754

     16.09359649

     18.72517544

      6.71675439

      9.34833333

     11.61991228


      2.23333333

      2.86491228

      2.49649123

      3.12807018

      2.75964912

      4.39122807

      7.02280702

      9.65438596

     12.28596491

     14.91754386

      2.77912281

      5.41070175

      7.86228070

     10.49385965

     13.12543860

     15.75701754

     18.38859649

      6.38017544

      9.01175439

     11.28333333

     13.91491228


      2.52833333

      2.15991228

      2.79149123

      2.42307018

      4.05464912

      6.68622807

      9.31780702

     11.94938596

     14.58096491

      2.44254386

      5.07412281

      7.52570175

     10.15728070

     12.78885965

     15.42043860

     18.05201754

      6.04359649

      8.67517544

     10.94675439

     13.57833333

     16.20991228


      1.82333333

      2.45491228

      2.08649123

      3.71807018

      6.34964912

      8.98122807

     11.61280702

     14.24438596

     16.87596491

      4.73754386

      7.18912281

      9.82070175

     12.45228070

     15.08385965

     17.71543860

      5.70701754

      8.33859649

     10.61017544

     13.24175439

     15.87333333

     15.13269006


