-10000000013.36971664

-7859516786.86011982

   -150.94776989

   -127.55961231

    -69.76410793

    -61.82829184

    -46.57768325

    -42.37916228

    -35.35869388

    -32.71684722

    -28.67751108

    -26.84723590

    -24.21876609

    -22.86949300

    -21.01968477

    -19.98057731

    -18.60609756

    -17.77939599

    -16.71657808

    -16.04218128

    -15.20546399


-7859516790.57306671

-2980436298.39139986

   -128.79206756

    -78.08466087

    -62.45850307

    -48.34451352

    -42.76574620

    -36.15918387

    -32.97967174

    -29.14041669

    -27.03822840

    -24.52255294

    -23.01493657

    -21.23528808

    -20.09525084

    -18.76752257

    -17.87226872

    -16.84223722

    -16.11902228

    -15.30622431

    -14.87731195


-2980436299.51122093

   -134.99694742

    -90.33271675

    -64.03022326

    -51.69908528

    -43.50784939

    -37.62310345

    -33.41719739

    -29.94210005

    -27.32864199

    -25.02296160

    -23.22260352

    -21.57539917

    -20.25156774

    -19.01291812

    -17.99443997

    -17.02729047

    -16.21729139

    -15.44638320

    -14.90560834

    -14.75219764


   -136.50368141

    -91.74124429

    -64.86469412

    -52.38915662

    -43.98624528

    -38.03733510

    -33.72840033

    -30.22002576

    -27.54821819

    -25.22313259

    -23.38635885

    -21.72685209

    -20.37869292

    -19.13174792

    -18.09617459

    -17.12316165

    -16.30061533

    -15.52546098

    -14.93817168

    -14.76555574

    -14.68525204


   -100.96923613

    -65.50818110

    -54.22336722

    -44.37904286

    -38.85711153

    -33.99464597

    -30.69114775

    -27.74130122

    -25.53119863

    -23.53317641

    -21.94497553

    -20.49431952

    -19.29478619

    -18.18973645

    -17.24991790

    -16.37797135

    -15.62700245

    -14.97607369

    -14.78021594

    -14.69307635

    -14.64324799


    -67.13580285

    -57.49601673

    -45.13827850

    -40.29512987

    -34.43969968

    -31.48103565

    -28.03570635

    -26.02516670

    -23.74322186

    -22.28115800

    -20.65217174

    -19.53759779

    -18.31295831

    -17.43317573

    -16.47699212

    -15.76586045

    -15.02078341

    -14.79638333

    -14.70146413

    -14.64841006

    -14.61430173


    -58.20138196

    -45.59344696

    -40.71627726

    -34.74002411

    -31.76269082

    -28.24924605

    -26.22758510

    -23.90325582

    -22.43407329

    -20.77683077

    -19.65743431

    -18.41296963

    -17.52977054

    -16.55906191

    -15.84547646

    -15.07437212

    -14.81430902

    -14.71048001

    -14.65386689

    -14.61797469

    -14.59307611


    -45.99261363

    -41.55607236

    -35.00975990

    -32.24225669

    -28.44445498

    -26.54002390

    -24.05146742

    -22.65476245

    -20.89342265

    -19.82211076

    -18.50722851

    -17.65763868

    -16.63693827

    -15.94780842

    -15.13986049

    -14.83430393

    -14.72019905

    -14.65964507

    -14.62182140

    -14.59582979

    -14.40530809


    -42.43507706

    -35.46254357

    -32.75651166

    -28.74293676

    -26.87690878

    -24.26393351

    -22.89257123

    -21.05283348

    -19.99906723

    -18.63151492

    -17.79456063

    -16.73671954

    -16.05485634

    -15.22183937

    -14.85675795

    -14.73070889

    -14.66577453

    -14.62585478

    -14.59869465

    -14.42777845

    -14.31489697


    -36.39702180

    -33.04197388

    -29.26133169

    -27.08161361

    -24.59616554

    -23.04697070

    -21.28501891

    -20.11992363

    -18.80347953

    -17.89188750

    -16.86950845

    -16.13501623

    -15.32765551

    -14.88216682

    -14.74211257

    -14.67228906

    -14.63008905

    -14.60167772

    -14.45469764

    -14.32392345

    -14.27025270


    -33.53021977

    -29.98380859

    -27.39852149

    -25.05393754

    -23.27027227

    -21.59936031

    -20.28626367

    -19.03203470

    -18.02088257

    -17.04291643

    -16.23814814

    -15.45940803

    -14.91117111

    -14.75453204

    -14.67922703

    -14.63453998

    -14.60478665

    -14.48757402

    -14.33399003

    -14.27535044

    -14.24372122


    -30.28645461

    -27.57818858

    -25.26886742

    -23.40963931

    -21.76035351

    -20.39732674

    -19.15739983

    -18.11144537

    -17.14346721

    -16.31337100

    -15.54195579

    -14.94461367

    -14.76811283

    -14.68663210

    -14.63922501

    -14.60802974

    -14.52869698

    -14.34529233

    -14.28087224

    -14.24690869

    -14.22620504


    -27.78521980

    -25.60601395

    -23.56554519

    -21.99536427

    -20.51921641

    -19.33114281

    -18.20951283

    -17.27745047

    -16.39408048

    -15.64861415

    -14.98362719

    -14.78303001

    -14.69455422

    -14.64416356

    -14.61141609

    -14.58172410

    -14.35807896

    -14.28687466

    -14.25029986

    -14.22839490

    -14.21372881


    -26.05646047

    -23.79150704

    -22.30533338

    -20.68724599

    -19.55686582

    -18.33965015

    -17.44891282

    -16.49802200

    -15.77896932

    -15.02977168

    -14.79949616

    -14.70305086

    -14.64937726

    -14.61495562

    -14.59090015

    -14.37267100

    -14.29342489

    -14.25391537

    -14.23069837

    -14.21533052

    -14.20436554


    -23.92674125

    -22.46793320

    -20.79561021

    -19.68332411

    -18.42834770

    -17.55024226

    -16.57189897

    -15.86209204

    -15.08525915

    -14.81777208

    -14.71218838

    -14.65489032

    -14.61865919

    -14.59356765

    -14.38949068

    -14.30060343

    -14.25777878

    -14.23312473

    -14.21700218

    -14.20559063

    -14.19706466


    -22.70582253

    -20.91854676

    -19.85887387

    -18.52716445

    -17.68543645

    -16.65316385

    -15.96960296

    -15.15333776

    -14.83818143

    -14.72204395

    -14.66072989

    -14.62253877

    -14.59634100

    -14.40910507

    -14.30817190

    -14.26191713

    -14.23568432

    -14.21874857

    -14.20686189

    -14.19803359

    -14.15648134


    -21.08829241

    -20.01848857

    -18.65845961

    -17.81041008

    -16.75792476

    -16.06805008

    -15.23898619

    -14.86113100

    -14.73270777

    -14.66692656

    -14.62660748

    -14.59922677

    -14.43229456

    -14.31646455

    -14.26636155

    -14.23838870

    -14.22057492

    -14.20818205

    -14.19903465

    -14.16229970

    -14.12705290


    -20.14605473

    -18.84205936

    -17.91252746

    -16.89848393

    -16.15175393

    -15.35025815

    -14.88713948

    -14.74428603

    -14.67351492

    -14.63087984

    -14.60223208

    -14.46016469

    -14.32566709

    -14.27114816

    -14.24125079

    -14.22248699

    -14.20955406

    -14.20006951

    -14.16866458

    -14.13051545

    -14.10784494


    -19.05213217

    -18.04739606

    -17.05925976

    -16.25952756

    -15.47297387

    -14.91687916

    -14.75690458

    -14.68053420

    -14.63537188

    -14.60536470

    -14.49433706

    -14.33594196

    -14.27631903

    -14.24428513

    -14.22449110

    -14.21098109

    -14.20113994

    -14.17565876

    -14.13422059

    -14.11028616

    -14.09418049


    -18.12740840

    -17.16485002

    -16.32665046

    -15.55923078

    -14.95123786

    -14.77071380

    -14.68802914

    -14.64010140

    -14.60863309

    -14.53729378

    -14.34749323

    -14.28192354

    -14.24750813

    -14.22659422

    -14.21246661

    -14.20224785

    -14.18338287

    -14.13819536

    -14.11286823

    -14.09591206

    -14.08418678


    -17.30671280

    -16.41094168

    -15.67141267

    -14.99141365

    -14.78589492

    -14.69605098

    -14.64508818

    -14.61204645

    -14.58879103

    -14.36058100

    -14.28801999

    -14.25093838

    -14.22880404

    -14.21401435

    -14.20339528

    -14.19196045

    -14.14247104

    -14.11560400

    -14.09772626

    -14.08548207

    -14.07328689


